# Configuracion:
# Concentracion g/m^3_=_10000.0
# C_Vs_to_Am_M_A/Vsm_=_254322799225.57578
# pendiente_HvsI_1/m_=_3716.3
# ordenada_HvsI_A/m_=_1297.0
# frecuencia_ref_Hz_=_264110.1922927933
# 
Resultados:
# tau_s_=_(1.02+/-0.03)e-07
# dphi_rad_=_6.45+/-0.00
# SAR_W/g_=_1933.62+/-44.94
# Hc_kA/m_=_12.54+/-0.29
# Mr_A/m_=_729.13+/-5.30
# Suceptibilidad_a_M=0_=_0.0857+/-0.0018

Nombre_archivo	Time_m	Temperatura_(ºC)	Mr_(A/m)	Hc_(kA/m)	Campo_max_(A/m)	Mag_max_(A/m)	f0	mag0	dphi0	SAR_(W/g)	Tau_(s)	N	xi_M_0
265kHz_150dA_100Mss_Ni0cRD005.txt	29/05/2024 17:28:45	19.3	707.73	13.01	57041.50	1657.60	2.640845e+05	2.800803e+01	6.457906e+00	1953.28	1.063779e-07	4544	7.961e-02
265kHz_150dA_100Mss_Ni0cRD006.txt	29/05/2024 17:28:46	19.3	728.12	13.14	57041.50	1679.86	2.640845e+05	2.843795e+01	6.460544e+00	2012.89	1.080178e-07	4544	8.181e-02
265kHz_150dA_100Mss_Ni0cRD007.txt	29/05/2024 17:28:46	19.3	731.55	13.04	57041.50	1688.10	2.640845e+05	2.859609e+01	6.459106e+00	2007.84	1.071227e-07	4544	8.240e-02
265kHz_150dA_100Mss_Ni0cRD008.txt	29/05/2024 17:28:47	19.3	733.66	13.01	57041.50	1694.48	2.641426e+05	2.868346e+01	6.458824e+00	2011.22	1.069475e-07	4543	8.275e-02
265kHz_150dA_100Mss_Ni0cRD009.txt	29/05/2024 17:28:48	19.3	735.03	12.95	57041.50	1699.53	2.640845e+05	2.877920e+01	6.457773e+00	2005.54	1.062942e-07	4544	8.376e-02
265kHz_150dA_100Mss_Ni0cRD010.txt	29/05/2024 17:28:48	19.3	735.84	12.93	57041.50	1701.27	2.641426e+05	2.882513e+01	6.457327e+00	2004.10	1.060175e-07	4543	8.364e-02
265kHz_150dA_100Mss_Ni0cRD011.txt	29/05/2024 17:28:50	19.3	735.38	12.77	57041.50	1708.02	2.641426e+05	2.891423e+01	6.454892e+00	1982.47	1.045057e-07	4543	8.537e-02
265kHz_150dA_100Mss_Ni0cRD012.txt	29/05/2024 17:28:50	19.3	735.33	12.76	57041.50	1697.44	2.641426e+05	2.881913e+01	6.454790e+00	1974.79	1.044415e-07	4543	8.540e-02
265kHz_150dA_100Mss_Ni0cRD013.txt	29/05/2024 17:28:51	19.3	734.40	12.75	57041.50	1694.58	2.640845e+05	2.877092e+01	6.454675e+00	1969.74	1.043701e-07	4544	8.569e-02
265kHz_150dA_100Mss_Ni0cRD014.txt	29/05/2024 17:28:51	19.3	735.20	12.67	57041.50	1714.89	2.640845e+05	2.908240e+01	6.452886e+00	1970.49	1.032602e-07	4544	8.634e-02
265kHz_150dA_100Mss_Ni0cRD015.txt	29/05/2024 17:28:52	19.3	734.51	12.68	57041.50	1704.32	2.640845e+05	2.892420e+01	6.453709e+00	1969.19	1.037711e-07	4544	8.624e-02
265kHz_150dA_100Mss_Ni0cRD016.txt	29/05/2024 17:28:53	19.4	732.56	12.65	57041.50	1701.36	2.640845e+05	2.884215e+01	6.453516e+00	1961.40	1.036516e-07	4544	8.487e-02
265kHz_150dA_100Mss_Ni0cRD017.txt	29/05/2024 17:28:53	19.4	733.09	12.55	57041.50	1701.30	2.640845e+05	2.889450e+01	6.451483e+00	1941.73	1.023895e-07	4544	8.577e-02
265kHz_150dA_100Mss_Ni0cRD018.txt	29/05/2024 17:28:54	19.4	732.56	12.62	57041.50	1693.13	2.640845e+05	2.877560e+01	6.452947e+00	1950.40	1.032981e-07	4544	8.558e-02
265kHz_150dA_100Mss_Ni0cRD019.txt	29/05/2024 17:28:55	19.4	730.30	12.66	57041.50	1686.47	2.640845e+05	2.863695e+01	6.453734e+00	1949.91	1.037872e-07	4544	8.473e-02
265kHz_150dA_100Mss_Ni0cRD020.txt	29/05/2024 17:28:55	19.4	730.30	12.50	57041.50	1697.36	2.640845e+05	2.884420e+01	6.450416e+00	1926.18	1.017292e-07	4544	8.619e-02
265kHz_150dA_100Mss_Ni0cRD021.txt	29/05/2024 17:28:56	19.4	729.81	12.44	57041.50	1699.61	2.640845e+05	2.887391e+01	6.449674e+00	1919.68	1.012682e-07	4544	8.691e-02
265kHz_150dA_100Mss_Ni0cRD022.txt	29/05/2024 17:28:57	19.4	729.13	12.44	57041.50	1695.55	2.640845e+05	2.879950e+01	6.449895e+00	1917.25	1.014042e-07	4544	8.702e-02
265kHz_150dA_100Mss_Ni0cRD023.txt	29/05/2024 17:28:57	19.4	729.13	12.44	57041.50	1687.59	2.641426e+05	2.871007e+01	6.450015e+00	1913.09	1.014794e-07	4543	8.647e-02
265kHz_150dA_100Mss_Ni0cRD024.txt	29/05/2024 17:28:58	19.4	728.80	12.37	57041.50	1697.32	2.641426e+05	2.883554e+01	6.448741e+00	1906.91	1.006898e-07	4543	8.682e-02
265kHz_150dA_100Mss_Ni0cRD025.txt	29/05/2024 17:28:58	19.4	728.09	12.38	57041.50	1698.58	2.641426e+05	2.884065e+01	6.449292e+00	1913.53	1.010313e-07	4543	8.634e-02
265kHz_150dA_100Mss_Ni0cRD026.txt	29/05/2024 17:28:59	19.4	727.91	12.30	57041.50	1698.64	2.641426e+05	2.889625e+01	6.447633e+00	1898.25	1.000032e-07	4543	8.745e-02
265kHz_150dA_100Mss_Ni0cRD027.txt	29/05/2024 17:28:59	19.4	727.21	12.34	57041.50	1698.39	2.641426e+05	2.885952e+01	6.448300e+00	1903.46	1.004166e-07	4543	8.704e-02
265kHz_150dA_100Mss_Ni0cRD028.txt	29/05/2024 17:29:00	19.4	727.14	12.32	57041.50	1692.98	2.640845e+05	2.877902e+01	6.448432e+00	1899.23	1.004979e-07	4544	8.743e-02
265kHz_150dA_100Mss_Ni0cRD029.txt	29/05/2024 17:29:00	19.4	727.35	12.31	57041.50	1691.83	2.640845e+05	2.879234e+01	6.447587e+00	1890.49	9.997681e-08	4544	8.756e-02
265kHz_150dA_100Mss_Ni0cRD030.txt	29/05/2024 17:29:01	19.4	726.07	12.32	57041.50	1697.02	2.640845e+05	2.884941e+01	6.447709e+00	1895.62	1.000523e-07	4544	8.736e-02
265kHz_150dA_100Mss_Ni0cRD031.txt	29/05/2024 17:29:01	19.4	725.56	12.23	57041.50	1708.21	2.640845e+05	2.901726e+01	6.445721e+00	1883.82	9.882121e-08	4544	8.649e-02
265kHz_150dA_100Mss_Ni0cRD032.txt	29/05/2024 17:29:02	19.5	726.97	12.17	57041.50	1716.15	2.640845e+05	2.917134e+01	6.444721e+00	1882.28	9.820249e-08	4544	8.727e-02
265kHz_150dA_100Mss_Ni0cRD033.txt	29/05/2024 17:29:02	19.5	724.95	12.19	57041.50	1706.08	2.640845e+05	2.897141e+01	6.445484e+00	1878.12	9.867529e-08	4544	8.704e-02
265kHz_150dA_100Mss_Ni0cRD034.txt	29/05/2024 17:29:03	19.5	725.26	12.21	57041.50	1708.94	2.640845e+05	2.904487e+01	6.445513e+00	1883.21	9.869287e-08	4544	8.697e-02
265kHz_150dA_100Mss_Ni0cRD035.txt	29/05/2024 17:29:03	19.5	724.58	12.20	57041.50	1705.99	2.640845e+05	2.899138e+01	6.445187e+00	1876.01	9.849163e-08	4544	8.679e-02
265kHz_150dA_100Mss_Ni0cRD036.txt	29/05/2024 17:29:04	19.5	724.41	12.20	57041.50	1708.29	2.640845e+05	2.900045e+01	6.445936e+00	1885.20	9.895553e-08	4544	8.681e-02
265kHz_150dA_100Mss_Ni0cRD037.txt	29/05/2024 17:29:05	19.5	723.46	12.20	57041.50	1700.78	2.640845e+05	2.889590e+01	6.445377e+00	1872.01	9.860975e-08	4544	8.692e-02
