# Configuracion:
# Concentracion g/m^3_=_10000.0
# C_Vs_to_Am_M_A/Vsm_=_254322799225.57578
# pendiente_HvsI_1/m_=_3716.3
# ordenada_HvsI_A/m_=_1297.0
# frecuencia_ref_Hz_=_263780.71450990613
# 
Resultados:
# tau_s_=_(1.57+/-0.02)e-07
# dphi_rad_=_6.54+/-0.00
# SAR_W/g_=_1859.47+/-16.77
# Hc_kA/m_=_12.17+/-0.14
# Mr_A/m_=_706.31+/-10.29
# Suceptibilidad_a_M=0_=_0.0790+/-0.0019

Nombre_archivo	Time_m	Temperatura_(ºC)	Mr_(A/m)	Hc_(kA/m)	Campo_max_(A/m)	Mag_max_(A/m)	f0	mag0	dphi0	SAR_(W/g)	Tau_(s)	N	xi_M_0
265kHz_100dA_100Mss_Ni0cRD006.txt	29/05/2024 17:36:06	19.5	677.45	12.38	38460.00	1626.72	2.637942e+05	2.630470e+01	6.543298e+00	1827.99	1.605876e-07	4549	7.394e-02
265kHz_100dA_100Mss_Ni0cRD007.txt	29/05/2024 17:36:06	19.5	687.11	12.38	38460.00	1642.37	2.637942e+05	2.656094e+01	6.543129e+00	1844.63	1.604784e-07	4549	7.497e-02
265kHz_100dA_100Mss_Ni0cRD008.txt	29/05/2024 17:36:07	19.6	682.80	12.33	38460.00	1653.85	2.637942e+05	2.662063e+01	6.540087e+00	1827.62	1.585131e-07	4549	7.521e-02
265kHz_100dA_100Mss_Ni0cRD009.txt	29/05/2024 17:36:07	19.6	690.30	12.32	38460.00	1653.70	2.637942e+05	2.678063e+01	6.541336e+00	1847.34	1.593200e-07	4549	7.593e-02
265kHz_100dA_100Mss_Ni0cRD010.txt	29/05/2024 17:36:08	19.5	698.51	12.34	38460.00	1660.58	2.637942e+05	2.694174e+01	6.542874e+00	1869.28	1.603138e-07	4549	7.673e-02
265kHz_100dA_100Mss_Ni0cRD011.txt	29/05/2024 17:36:08	19.5	697.39	12.33	38460.00	1663.27	2.637942e+05	2.695207e+01	6.541997e+00	1863.82	1.597469e-07	4549	7.690e-02
265kHz_100dA_100Mss_Ni0cRD012.txt	29/05/2024 17:36:09	19.6	693.40	12.25	38460.00	1672.01	2.637942e+05	2.700013e+01	6.538582e+00	1843.05	1.575442e-07	4549	7.747e-02
265kHz_100dA_100Mss_Ni0cRD013.txt	29/05/2024 17:36:09	19.6	701.90	12.33	38460.00	1670.07	2.637942e+05	2.706599e+01	6.542335e+00	1874.09	1.599643e-07	4549	7.737e-02
265kHz_100dA_100Mss_Ni0cRD014.txt	29/05/2024 17:36:10	19.6	694.24	12.25	38460.00	1664.82	2.637942e+05	2.696084e+01	6.539424e+00	1846.31	1.580871e-07	4549	7.678e-02
265kHz_100dA_100Mss_Ni0cRD015.txt	29/05/2024 17:36:10	19.6	703.66	12.31	38460.00	1660.99	2.637942e+05	2.699897e+01	6.542615e+00	1871.43	1.601473e-07	4549	7.808e-02
265kHz_100dA_100Mss_Ni0cRD016.txt	29/05/2024 17:36:11	19.6	707.95	12.35	38460.00	1664.36	2.637942e+05	2.707236e+01	6.543560e+00	1883.20	1.607570e-07	4549	7.861e-02
265kHz_100dA_100Mss_Ni0cRD017.txt	29/05/2024 17:36:12	19.7	708.74	12.34	38460.00	1670.09	2.637942e+05	2.708221e+01	6.543277e+00	1881.88	1.605739e-07	4549	7.844e-02
265kHz_100dA_100Mss_Ni0cRD018.txt	29/05/2024 17:36:12	19.7	708.09	12.27	38460.00	1672.49	2.637942e+05	2.720618e+01	6.541717e+00	1879.41	1.595671e-07	4549	7.900e-02
265kHz_100dA_100Mss_Ni0cRD019.txt	29/05/2024 17:36:13	19.7	710.81	12.29	38460.00	1665.24	2.637942e+05	2.715673e+01	6.542447e+00	1881.17	1.600389e-07	4549	7.939e-02
265kHz_100dA_100Mss_Ni0cRD020.txt	29/05/2024 17:36:14	19.7	712.50	12.28	38460.00	1674.79	2.637942e+05	2.721581e+01	6.541977e+00	1881.92	1.597347e-07	4549	7.936e-02
265kHz_100dA_100Mss_Ni0cRD021.txt	29/05/2024 17:36:14	19.7	712.72	12.24	38460.00	1684.19	2.637942e+05	2.736492e+01	6.540787e+00	1883.73	1.589676e-07	4549	7.985e-02
265kHz_100dA_100Mss_Ni0cRD022.txt	29/05/2024 17:36:15	19.7	703.24	12.15	38460.00	1685.72	2.637942e+05	2.729097e+01	6.536811e+00	1850.27	1.564027e-07	4549	7.854e-02
265kHz_100dA_100Mss_Ni0cRD023.txt	29/05/2024 17:36:15	19.7	705.73	12.15	38460.00	1687.77	2.637942e+05	2.729320e+01	6.537034e+00	1852.01	1.565473e-07	4549	7.908e-02
265kHz_100dA_100Mss_Ni0cRD024.txt	29/05/2024 17:36:16	19.8	708.26	12.17	38460.00	1693.26	2.637942e+05	2.728775e+01	6.537262e+00	1853.27	1.566944e-07	4549	7.901e-02
265kHz_100dA_100Mss_Ni0cRD025.txt	29/05/2024 17:36:16	19.8	706.77	12.13	38460.00	1684.64	2.637942e+05	2.730739e+01	6.537188e+00	1854.08	1.566456e-07	4549	7.933e-02
265kHz_100dA_100Mss_Ni0cRD026.txt	29/05/2024 17:36:17	19.8	706.76	12.10	38460.00	1684.88	2.637942e+05	2.734107e+01	6.536563e+00	1851.89	1.562445e-07	4549	7.971e-02
265kHz_100dA_100Mss_Ni0cRD027.txt	29/05/2024 17:36:17	19.8	714.99	12.21	38460.00	1678.16	2.637942e+05	2.730650e+01	6.540350e+00	1876.59	1.586846e-07	4549	8.038e-02
265kHz_100dA_100Mss_Ni0cRD028.txt	29/05/2024 17:36:18	19.8	702.18	11.98	38460.00	1707.70	2.637942e+05	2.750275e+01	6.531309e+00	1825.02	1.528663e-07	4549	7.902e-02
265kHz_100dA_100Mss_Ni0cRD029.txt	29/05/2024 17:36:18	19.8	712.49	12.11	38460.00	1692.55	2.637942e+05	2.745840e+01	6.537336e+00	1865.39	1.567421e-07	4549	8.014e-02
265kHz_100dA_100Mss_Ni0cRD030.txt	29/05/2024 17:36:19	19.9	713.64	12.09	38460.00	1696.42	2.637942e+05	2.755986e+01	6.536673e+00	1867.51	1.563161e-07	4549	7.967e-02
265kHz_100dA_100Mss_Ni0cRD031.txt	29/05/2024 17:36:19	19.9	709.89	12.04	38460.00	1699.43	2.637942e+05	2.751189e+01	6.534483e+00	1848.49	1.549049e-07	4549	8.035e-02
265kHz_100dA_100Mss_Ni0cRD032.txt	29/05/2024 17:36:20	19.9	715.17	12.07	38460.00	1704.51	2.637942e+05	2.755748e+01	6.535465e+00	1858.64	1.555367e-07	4549	8.068e-02
265kHz_100dA_100Mss_Ni0cRD033.txt	29/05/2024 17:36:21	19.9	711.96	12.02	38460.00	1705.57	2.637942e+05	2.759769e+01	6.533785e+00	1849.21	1.544568e-07	4549	8.077e-02
265kHz_100dA_100Mss_Ni0cRD034.txt	29/05/2024 17:36:21	19.9	710.20	11.96	38460.00	1705.69	2.637942e+05	2.763344e+01	6.532711e+00	1843.84	1.537659e-07	4549	8.020e-02
265kHz_100dA_100Mss_Ni0cRD035.txt	29/05/2024 17:36:22	20.0	715.32	12.01	38460.00	1703.57	2.637942e+05	2.768595e+01	6.534880e+00	1863.06	1.551633e-07	4549	8.045e-02
265kHz_100dA_100Mss_Ni0cRD036.txt	29/05/2024 17:36:22	20.0	713.00	11.97	38460.00	1706.13	2.637942e+05	2.771392e+01	6.533454e+00	1854.59	1.542440e-07	4549	8.068e-02
265kHz_100dA_100Mss_Ni0cRD037.txt	29/05/2024 17:36:23	20.0	723.35	12.13	38460.00	1694.96	2.637942e+05	2.758404e+01	6.539436e+00	1889.07	1.580979e-07	4549	8.139e-02
265kHz_100dA_100Mss_Ni0cRD038.txt	29/05/2024 17:36:24	19.9	720.09	11.98	38460.00	1702.92	2.637942e+05	2.780568e+01	6.535409e+00	1874.96	1.555023e-07	4549	8.105e-02
265kHz_100dA_100Mss_Ni0cRD039.txt	29/05/2024 17:36:24	19.9	717.55	12.00	38460.00	1705.92	2.637942e+05	2.768700e+01	6.534770e+00	1862.33	1.550934e-07	4549	8.174e-02
265kHz_100dA_100Mss_Ni0cRD040.txt	29/05/2024 17:36:25	20.0	712.94	11.90	38460.00	1709.80	2.637942e+05	2.775516e+01	6.531600e+00	1843.89	1.530541e-07	4549	8.098e-02
265kHz_100dA_100Mss_Ni0cRD041.txt	29/05/2024 17:36:25	20.0	716.05	11.95	38460.00	1710.98	2.637942e+05	2.773026e+01	6.532677e+00	1850.05	1.537458e-07	4549	8.123e-02
