# Temperatura_=_20.385964912280702
# Concentracion g/m^3_=_10000.0
# C_Vs_to_Am_M_A/Vsm_=_254322799225.57578
# pendiente_HvsI_1/m_=_3716.3
# ordenada_HvsI_A/m_=_1297.0
# frecuencia_Hz_=_135573.22186841327
# Promedio de 57 ciclos

Tiempo_(s)	Campo_(V.s)	Magnetizacion_(V.s)	Campo_(kA/m)	Magnetizacion_(A/m)
0.000000e+00	-1.083338e-08	-4.491976e-09	-5.700845e+01	-1.253929e+03
1.000000e-08	-1.083343e-08	-4.492313e-09	-5.700857e+01	-1.254030e+03
2.000000e-08	-1.083279e-08	-4.492138e-09	-5.700503e+01	-1.253995e+03
3.000000e-08	-1.083116e-08	-4.491790e-09	-5.699627e+01	-1.253908e+03
4.000000e-08	-1.082852e-08	-4.491478e-09	-5.698220e+01	-1.253837e+03
5.000000e-08	-1.082508e-08	-4.491129e-09	-5.696402e+01	-1.253735e+03
6.000000e-08	-1.082107e-08	-4.490978e-09	-5.694281e+01	-1.253669e+03
7.000000e-08	-1.081647e-08	-4.491092e-09	-5.691847e+01	-1.253698e+03
8.000000e-08	-1.081117e-08	-4.491369e-09	-5.689039e+01	-1.253768e+03
9.000000e-08	-1.080502e-08	-4.490628e-09	-5.685786e+01	-1.253465e+03
1.000000e-07	-1.079784e-08	-4.486561e-09	-5.681984e+01	-1.252250e+03
1.100000e-07	-1.078934e-08	-4.477434e-09	-5.677477e+01	-1.249892e+03
1.200000e-07	-1.077937e-08	-4.471829e-09	-5.672205e+01	-1.248664e+03
1.300000e-07	-1.076848e-08	-4.484203e-09	-5.666472e+01	-1.252086e+03
1.400000e-07	-1.075739e-08	-4.504642e-09	-5.660637e+01	-1.257213e+03
1.500000e-07	-1.074590e-08	-4.503141e-09	-5.654579e+01	-1.256543e+03
1.600000e-07	-1.073341e-08	-4.474012e-09	-5.647989e+01	-1.249131e+03
1.700000e-07	-1.072007e-08	-4.459761e-09	-5.640957e+01	-1.245419e+03
1.800000e-07	-1.070621e-08	-4.484341e-09	-5.633647e+01	-1.251438e+03
1.900000e-07	-1.069131e-08	-4.489219e-09	-5.625770e+01	-1.252766e+03
2.000000e-07	-1.067505e-08	-4.459436e-09	-5.617192e+01	-1.245291e+03
2.100000e-07	-1.065810e-08	-4.465381e-09	-5.608268e+01	-1.246570e+03
2.200000e-07	-1.064075e-08	-4.492920e-09	-5.599124e+01	-1.253475e+03
2.300000e-07	-1.062259e-08	-4.476651e-09	-5.589548e+01	-1.249662e+03
2.400000e-07	-1.060361e-08	-4.450840e-09	-5.579547e+01	-1.243068e+03
2.500000e-07	-1.058411e-08	-4.469740e-09	-5.569277e+01	-1.247618e+03
2.600000e-07	-1.056398e-08	-4.477556e-09	-5.558668e+01	-1.249867e+03
2.700000e-07	-1.054306e-08	-4.453320e-09	-5.547646e+01	-1.243868e+03
2.800000e-07	-1.052150e-08	-4.466148e-09	-5.536288e+01	-1.246784e+03
2.900000e-07	-1.049923e-08	-4.493280e-09	-5.524550e+01	-1.253688e+03
3.000000e-07	-1.047610e-08	-4.475683e-09	-5.512363e+01	-1.249465e+03
3.100000e-07	-1.045238e-08	-4.465630e-09	-5.499870e+01	-1.246594e+03
3.200000e-07	-1.042811e-08	-4.486170e-09	-5.487080e+01	-1.251642e+03
3.300000e-07	-1.040290e-08	-4.472355e-09	-5.473790e+01	-1.248480e+03
3.400000e-07	-1.037663e-08	-4.446128e-09	-5.459955e+01	-1.241734e+03
3.500000e-07	-1.034956e-08	-4.461648e-09	-5.445697e+01	-1.245380e+03
3.600000e-07	-1.032184e-08	-4.467461e-09	-5.431101e+01	-1.247141e+03
3.700000e-07	-1.029353e-08	-4.442394e-09	-5.416190e+01	-1.240824e+03
3.800000e-07	-1.026456e-08	-4.450774e-09	-5.400933e+01	-1.242562e+03
3.900000e-07	-1.023482e-08	-4.467503e-09	-5.385268e+01	-1.246924e+03
4.000000e-07	-1.020431e-08	-4.447416e-09	-5.369194e+01	-1.241933e+03
4.100000e-07	-1.017310e-08	-4.445660e-09	-5.352761e+01	-1.241136e+03
4.200000e-07	-1.014129e-08	-4.460346e-09	-5.336009e+01	-1.244835e+03
4.300000e-07	-1.010885e-08	-4.442934e-09	-5.318927e+01	-1.240430e+03
4.400000e-07	-1.007558e-08	-4.439075e-09	-5.301403e+01	-1.239241e+03
4.500000e-07	-1.004131e-08	-4.452530e-09	-5.283346e+01	-1.242602e+03
4.600000e-07	-1.000615e-08	-4.434176e-09	-5.264833e+01	-1.237779e+03
4.700000e-07	-9.970360e-09	-4.421505e-09	-5.245985e+01	-1.234379e+03
4.800000e-07	-9.933989e-09	-4.431363e-09	-5.226835e+01	-1.236927e+03
4.900000e-07	-9.896976e-09	-4.422924e-09	-5.207349e+01	-1.234661e+03
5.000000e-07	-9.859250e-09	-4.414316e-09	-5.187483e+01	-1.232286e+03
5.100000e-07	-9.820779e-09	-4.419595e-09	-5.167225e+01	-1.233619e+03
5.200000e-07	-9.781658e-09	-4.409833e-09	-5.146624e+01	-1.230945e+03
5.300000e-07	-9.741994e-09	-4.399413e-09	-5.125738e+01	-1.228067e+03
5.400000e-07	-9.701720e-09	-4.402530e-09	-5.104531e+01	-1.228843e+03
5.500000e-07	-9.660628e-09	-4.395262e-09	-5.082894e+01	-1.226846e+03
5.600000e-07	-9.618574e-09	-4.384446e-09	-5.060748e+01	-1.223897e+03
5.700000e-07	-9.575593e-09	-4.384812e-09	-5.038116e+01	-1.223965e+03
5.800000e-07	-9.531862e-09	-4.380004e-09	-5.015093e+01	-1.222604e+03
5.900000e-07	-9.487536e-09	-4.370721e-09	-4.991757e+01	-1.220052e+03
6.000000e-07	-9.442641e-09	-4.368383e-09	-4.968120e+01	-1.219389e+03
6.100000e-07	-9.397123e-09	-4.364024e-09	-4.944153e+01	-1.218126e+03
6.200000e-07	-9.350954e-09	-4.355476e-09	-4.919841e+01	-1.215746e+03
6.300000e-07	-9.304147e-09	-4.350197e-09	-4.895198e+01	-1.214297e+03
6.400000e-07	-9.256716e-09	-4.344359e-09	-4.870230e+01	-1.212648e+03
6.500000e-07	-9.208606e-09	-4.336469e-09	-4.844901e+01	-1.210433e+03
6.600000e-07	-9.159698e-09	-4.329220e-09	-4.819150e+01	-1.208442e+03
6.700000e-07	-9.109877e-09	-4.321653e-09	-4.792917e+01	-1.206350e+03
6.800000e-07	-9.059119e-09	-4.315023e-09	-4.766190e+01	-1.204490e+03
6.900000e-07	-9.007501e-09	-4.310762e-09	-4.739011e+01	-1.203293e+03
7.000000e-07	-8.955147e-09	-4.305347e-09	-4.711448e+01	-1.201749e+03
7.100000e-07	-8.902134e-09	-4.298346e-09	-4.683541e+01	-1.199754e+03
7.200000e-07	-8.848481e-09	-4.290122e-09	-4.655296e+01	-1.197469e+03
7.300000e-07	-8.794242e-09	-4.279750e-09	-4.626740e+01	-1.194618e+03
7.400000e-07	-8.739469e-09	-4.270787e-09	-4.597903e+01	-1.192126e+03
7.500000e-07	-8.684159e-09	-4.264895e-09	-4.568783e+01	-1.190471e+03
7.600000e-07	-8.628304e-09	-4.257971e-09	-4.539379e+01	-1.188545e+03
7.700000e-07	-8.571883e-09	-4.250473e-09	-4.509677e+01	-1.186453e+03
7.800000e-07	-8.514791e-09	-4.244689e-09	-4.479619e+01	-1.184813e+03
7.900000e-07	-8.456931e-09	-4.237539e-09	-4.449155e+01	-1.182795e+03
8.000000e-07	-8.398316e-09	-4.227779e-09	-4.418293e+01	-1.180073e+03
8.100000e-07	-8.339014e-09	-4.217625e-09	-4.387069e+01	-1.177250e+03
8.200000e-07	-8.279093e-09	-4.207898e-09	-4.355523e+01	-1.174553e+03
8.300000e-07	-8.218605e-09	-4.198578e-09	-4.323681e+01	-1.171970e+03
8.400000e-07	-8.157556e-09	-4.190964e-09	-4.291544e+01	-1.169836e+03
8.500000e-07	-8.095936e-09	-4.184208e-09	-4.259107e+01	-1.167928e+03
8.600000e-07	-8.033783e-09	-4.175834e-09	-4.226388e+01	-1.165587e+03
8.700000e-07	-7.971143e-09	-4.166438e-09	-4.193412e+01	-1.162971e+03
8.800000e-07	-7.908019e-09	-4.157308e-09	-4.160183e+01	-1.160416e+03
8.900000e-07	-7.844388e-09	-4.147646e-09	-4.126686e+01	-1.157715e+03
9.000000e-07	-7.780240e-09	-4.137298e-09	-4.092920e+01	-1.154830e+03
9.100000e-07	-7.715569e-09	-4.127095e-09	-4.058880e+01	-1.151983e+03
9.200000e-07	-7.650323e-09	-4.117194e-09	-4.024538e+01	-1.149225e+03
9.300000e-07	-7.584440e-09	-4.107058e-09	-3.989860e+01	-1.146408e+03
9.400000e-07	-7.517912e-09	-4.097008e-09	-3.954840e+01	-1.143611e+03
9.500000e-07	-7.450775e-09	-4.086661e-09	-3.919503e+01	-1.140723e+03
9.600000e-07	-7.383082e-09	-4.075537e-09	-3.883880e+01	-1.137624e+03
9.700000e-07	-7.314900e-09	-4.064317e-09	-3.847998e+01	-1.134495e+03
9.800000e-07	-7.246271e-09	-4.053306e-09	-3.811877e+01	-1.131412e+03
9.900000e-07	-7.177173e-09	-4.041857e-09	-3.775508e+01	-1.128214e+03
1.000000e-06	-7.107574e-09	-4.030213e-09	-3.738877e+01	-1.124969e+03
1.010000e-06	-7.037489e-09	-4.018826e-09	-3.701993e+01	-1.121794e+03
1.020000e-06	-6.966953e-09	-4.007677e-09	-3.664874e+01	-1.118689e+03
1.030000e-06	-6.896002e-09	-3.996482e-09	-3.627532e+01	-1.115573e+03
1.040000e-06	-6.824604e-09	-3.985047e-09	-3.589955e+01	-1.112373e+03
1.050000e-06	-6.752708e-09	-3.973204e-09	-3.552118e+01	-1.109052e+03
1.060000e-06	-6.680287e-09	-3.960864e-09	-3.514005e+01	-1.105609e+03
1.070000e-06	-6.607313e-09	-3.948032e-09	-3.475596e+01	-1.102039e+03
1.080000e-06	-6.533761e-09	-3.934840e-09	-3.436881e+01	-1.098366e+03
1.090000e-06	-6.459611e-09	-3.921741e-09	-3.397853e+01	-1.094716e+03
1.100000e-06	-6.384857e-09	-3.908683e-09	-3.358512e+01	-1.091068e+03
1.110000e-06	-6.309520e-09	-3.895404e-09	-3.318869e+01	-1.087354e+03
1.120000e-06	-6.233657e-09	-3.882251e-09	-3.278947e+01	-1.083681e+03
1.130000e-06	-6.157328e-09	-3.869421e-09	-3.238776e+01	-1.080098e+03
1.140000e-06	-6.080558e-09	-3.856261e-09	-3.198371e+01	-1.076421e+03
1.150000e-06	-6.003332e-09	-3.842433e-09	-3.157727e+01	-1.072561e+03
1.160000e-06	-5.925639e-09	-3.827854e-09	-3.116839e+01	-1.068499e+03
1.170000e-06	-5.847485e-09	-3.812685e-09	-3.075705e+01	-1.064270e+03
1.180000e-06	-5.768856e-09	-3.797577e-09	-3.034319e+01	-1.060048e+03
1.190000e-06	-5.689751e-09	-3.782999e-09	-2.992678e+01	-1.055968e+03
1.200000e-06	-5.610161e-09	-3.768539e-09	-2.950781e+01	-1.051920e+03
1.210000e-06	-5.530081e-09	-3.753815e-09	-2.908632e+01	-1.047802e+03
1.220000e-06	-5.449501e-09	-3.738534e-09	-2.866226e+01	-1.043534e+03
1.230000e-06	-5.368454e-09	-3.722812e-09	-2.823575e+01	-1.039150e+03
1.240000e-06	-5.287009e-09	-3.706740e-09	-2.780709e+01	-1.034663e+03
1.250000e-06	-5.205219e-09	-3.690289e-09	-2.737661e+01	-1.030059e+03
1.260000e-06	-5.123123e-09	-3.673428e-09	-2.694453e+01	-1.025345e+03
1.270000e-06	-5.040754e-09	-3.656141e-09	-2.651100e+01	-1.020514e+03
1.280000e-06	-4.958126e-09	-3.638953e-09	-2.607612e+01	-1.015710e+03
1.290000e-06	-4.875234e-09	-3.622101e-09	-2.563986e+01	-1.011006e+03
1.300000e-06	-4.792086e-09	-3.605210e-09	-2.520226e+01	-1.006292e+03
1.310000e-06	-4.708656e-09	-3.587913e-09	-2.476320e+01	-1.001453e+03
1.320000e-06	-4.624908e-09	-3.569726e-09	-2.432251e+01	-9.963631e+02
1.330000e-06	-4.540867e-09	-3.550711e-09	-2.388025e+01	-9.910441e+02
1.340000e-06	-4.456549e-09	-3.531578e-09	-2.343651e+01	-9.856857e+02
1.350000e-06	-4.371954e-09	-3.512628e-09	-2.299132e+01	-9.803840e+02
1.360000e-06	-4.287070e-09	-3.493391e-09	-2.254460e+01	-9.750195e+02
1.370000e-06	-4.201891e-09	-3.473593e-09	-2.209633e+01	-9.694939e+02
1.380000e-06	-4.116430e-09	-3.453356e-09	-2.164657e+01	-9.638319e+02
1.390000e-06	-4.030692e-09	-3.432629e-09	-2.119535e+01	-9.580378e+02
1.400000e-06	-3.944691e-09	-3.411822e-09	-2.074275e+01	-9.522301e+02
1.410000e-06	-3.858467e-09	-3.391100e-09	-2.028898e+01	-9.464480e+02
1.420000e-06	-3.772031e-09	-3.369966e-09	-1.983413e+01	-9.405513e+02
1.430000e-06	-3.685381e-09	-3.348275e-09	-1.937811e+01	-9.345005e+02
1.440000e-06	-3.598521e-09	-3.326381e-09	-1.892097e+01	-9.283883e+02
1.450000e-06	-3.511448e-09	-3.304263e-09	-1.846274e+01	-9.222093e+02
1.460000e-06	-3.424153e-09	-3.281874e-09	-1.800338e+01	-9.159538e+02
1.470000e-06	-3.336625e-09	-3.259077e-09	-1.754279e+01	-9.095816e+02
1.480000e-06	-3.248828e-09	-3.235919e-09	-1.708080e+01	-9.031138e+02
1.490000e-06	-3.160731e-09	-3.212643e-09	-1.661723e+01	-8.966214e+02
1.500000e-06	-3.072331e-09	-3.189165e-09	-1.615204e+01	-8.900728e+02
1.510000e-06	-2.983650e-09	-3.165126e-09	-1.568539e+01	-8.833642e+02
1.520000e-06	-2.894729e-09	-3.140264e-09	-1.521749e+01	-8.764210e+02
1.530000e-06	-2.805597e-09	-3.114824e-09	-1.474845e+01	-8.693108e+02
1.540000e-06	-2.716282e-09	-3.089241e-09	-1.427842e+01	-8.621624e+02
1.550000e-06	-2.626820e-09	-3.063905e-09	-1.380760e+01	-8.550892e+02
1.560000e-06	-2.537216e-09	-3.038613e-09	-1.333604e+01	-8.480353e+02
1.570000e-06	-2.447464e-09	-3.012636e-09	-1.286369e+01	-8.407936e+02
1.580000e-06	-2.357567e-09	-2.985932e-09	-1.239058e+01	-8.333437e+02
1.590000e-06	-2.267508e-09	-2.958724e-09	-1.191663e+01	-8.257445e+02
1.600000e-06	-2.177280e-09	-2.931149e-09	-1.144176e+01	-8.180323e+02
1.610000e-06	-2.086873e-09	-2.903278e-09	-1.096597e+01	-8.102251e+02
1.620000e-06	-1.996270e-09	-2.874718e-09	-1.048919e+01	-8.022286e+02
1.630000e-06	-1.905467e-09	-2.845407e-09	-1.001134e+01	-7.940390e+02
1.640000e-06	-1.814470e-09	-2.815879e-09	-9.532475e+00	-7.857996e+02
1.650000e-06	-1.723277e-09	-2.786407e-09	-9.052587e+00	-7.775750e+02
1.660000e-06	-1.631906e-09	-2.756582e-09	-8.571778e+00	-7.692406e+02
1.670000e-06	-1.540398e-09	-2.725847e-09	-8.090258e+00	-7.606313e+02
1.680000e-06	-1.448779e-09	-2.693716e-09	-7.608173e+00	-7.516239e+02
1.690000e-06	-1.357092e-09	-2.660573e-09	-7.125722e+00	-7.423493e+02
1.700000e-06	-1.265340e-09	-2.627344e-09	-6.642926e+00	-7.330563e+02
1.710000e-06	-1.173502e-09	-2.593950e-09	-6.159672e+00	-7.237201e+02
1.720000e-06	-1.081579e-09	-2.559981e-09	-5.675967e+00	-7.142350e+02
1.730000e-06	-9.895791e-10	-2.525280e-09	-5.191833e+00	-7.045482e+02
1.740000e-06	-8.975005e-10	-2.489536e-09	-4.707285e+00	-6.945618e+02
1.750000e-06	-8.053464e-10	-2.452991e-09	-4.222360e+00	-6.843415e+02
1.760000e-06	-7.131220e-10	-2.416030e-09	-3.737067e+00	-6.740029e+02
1.770000e-06	-6.208311e-10	-2.378528e-09	-3.251404e+00	-6.635150e+02
1.780000e-06	-5.284811e-10	-2.340511e-09	-2.765442e+00	-6.528879e+02
1.790000e-06	-4.360836e-10	-2.302046e-09	-2.279251e+00	-6.421439e+02
1.800000e-06	-3.436613e-10	-2.262896e-09	-1.792913e+00	-6.312022e+02
1.810000e-06	-2.512189e-10	-2.222920e-09	-1.306463e+00	-6.200280e+02
1.820000e-06	-1.587722e-10	-2.182386e-09	-8.200271e-01	-6.086967e+02
1.830000e-06	-6.635387e-11	-2.141014e-09	-3.337552e-01	-5.971149e+02
1.840000e-06	2.602744e-11	-2.098087e-09	1.523480e-01	-5.850925e+02
1.850000e-06	1.183816e-10	-2.053925e-09	6.383383e-01	-5.727343e+02
1.860000e-06	2.107181e-10	-2.009137e-09	1.124242e+00	-5.602039e+02
1.870000e-06	3.030474e-10	-1.963585e-09	1.610094e+00	-5.474524e+02
1.880000e-06	3.953723e-10	-1.916906e-09	2.095926e+00	-5.343810e+02
1.890000e-06	4.876857e-10	-1.868642e-09	2.581702e+00	-5.208665e+02
1.900000e-06	5.799961e-10	-1.818872e-09	3.067458e+00	-5.069383e+02
1.910000e-06	6.723063e-10	-1.768187e-09	3.553211e+00	-4.927567e+02
1.920000e-06	7.645828e-10	-1.716614e-09	4.038776e+00	-4.783201e+02
1.930000e-06	8.567878e-10	-1.663916e-09	4.523942e+00	-4.635635e+02
1.940000e-06	9.489249e-10	-1.610057e-09	5.008737e+00	-4.484770e+02
1.950000e-06	1.040985e-09	-1.554750e-09	5.493131e+00	-4.329737e+02
1.960000e-06	1.132932e-09	-1.497667e-09	5.976908e+00	-4.169643e+02
1.970000e-06	1.224759e-09	-1.438668e-09	6.460031e+00	-4.004173e+02
1.980000e-06	1.316480e-09	-1.377211e-09	6.942593e+00	-3.831841e+02
1.990000e-06	1.408082e-09	-1.312975e-09	7.424539e+00	-3.651833e+02
2.000000e-06	1.499562e-09	-1.247019e-09	7.905873e+00	-3.467090e+02
2.010000e-06	1.590950e-09	-1.179898e-09	8.386723e+00	-3.279003e+02
2.020000e-06	1.682226e-09	-1.110834e-09	8.866971e+00	-3.085256e+02
2.030000e-06	1.773348e-09	-1.039267e-09	9.346419e+00	-2.884297e+02
2.040000e-06	1.864322e-09	-9.647083e-10	9.825076e+00	-2.674922e+02
2.050000e-06	1.955154e-09	-8.871282e-10	1.030299e+01	-2.457187e+02
2.060000e-06	2.045831e-09	-8.070406e-10	1.078010e+01	-2.232443e+02
2.070000e-06	2.136331e-09	-7.245583e-10	1.125628e+01	-2.000829e+02
2.080000e-06	2.226639e-09	-6.390380e-10	1.173149e+01	-1.760515e+02
2.090000e-06	2.316757e-09	-5.499963e-10	1.220572e+01	-1.510313e+02
2.100000e-06	2.406679e-09	-4.576473e-10	1.267892e+01	-1.250976e+02
2.110000e-06	2.496408e-09	-3.626356e-10	1.315109e+01	-9.843084e+01
2.120000e-06	2.585942e-09	-2.655043e-10	1.362222e+01	-7.116932e+01
2.130000e-06	2.675280e-09	-1.661240e-10	1.409234e+01	-4.327233e+01
2.140000e-06	2.764436e-09	-6.445692e-11	1.456152e+01	-1.473588e+01
2.150000e-06	2.853399e-09	3.913728e-11	1.502967e+01	1.433253e+01
2.160000e-06	2.942158e-09	1.442043e-10	1.549671e+01	4.379645e+01
2.170000e-06	3.030718e-09	2.506196e-10	1.596268e+01	7.361799e+01
2.180000e-06	3.119051e-09	3.580869e-10	1.642745e+01	1.037122e+02
2.190000e-06	3.207127e-09	4.659456e-10	1.689090e+01	1.338936e+02
2.200000e-06	3.294939e-09	5.737503e-10	1.735297e+01	1.640442e+02
2.210000e-06	3.382487e-09	6.807544e-10	1.781366e+01	1.939594e+02
2.220000e-06	3.469776e-09	7.862497e-10	1.827297e+01	2.234486e+02
2.230000e-06	3.556803e-09	8.902283e-10	1.873088e+01	2.525134e+02
2.240000e-06	3.643587e-09	9.928372e-10	1.918751e+01	2.811881e+02
2.250000e-06	3.730141e-09	1.093771e-09	1.964292e+01	3.093733e+02
2.260000e-06	3.816445e-09	1.192633e-09	2.009702e+01	3.369588e+02
2.270000e-06	3.902487e-09	1.289209e-09	2.054971e+01	3.638975e+02
2.280000e-06	3.988262e-09	1.383693e-09	2.100101e+01	3.902459e+02
2.290000e-06	4.073774e-09	1.476164e-09	2.145098e+01	4.160198e+02
2.300000e-06	4.159043e-09	1.565800e-09	2.189968e+01	4.409893e+02
2.310000e-06	4.244077e-09	1.652230e-09	2.234712e+01	4.650569e+02
2.320000e-06	4.328880e-09	1.735958e-09	2.279329e+01	4.883709e+02
2.330000e-06	4.413452e-09	1.817192e-09	2.323826e+01	5.109945e+02
2.340000e-06	4.497771e-09	1.896164e-09	2.368192e+01	5.329871e+02
2.350000e-06	4.581795e-09	1.973100e-09	2.412404e+01	5.544017e+02
2.360000e-06	4.665495e-09	2.047656e-09	2.456444e+01	5.751384e+02
2.370000e-06	4.748855e-09	2.119517e-09	2.500303e+01	5.951208e+02
2.380000e-06	4.831875e-09	2.189073e-09	2.543985e+01	6.144699e+02
2.390000e-06	4.914568e-09	2.256905e-09	2.587497e+01	6.333401e+02
2.400000e-06	4.996947e-09	2.322838e-09	2.630841e+01	6.516726e+02
2.410000e-06	5.079017e-09	2.386628e-09	2.674022e+01	6.694031e+02
2.420000e-06	5.160762e-09	2.448188e-09	2.717030e+01	6.865174e+02
2.430000e-06	5.242165e-09	2.507413e-09	2.759862e+01	7.029876e+02
2.440000e-06	5.323220e-09	2.564834e-09	2.802513e+01	7.189514e+02
2.450000e-06	5.403894e-09	2.620597e-09	2.844964e+01	7.344431e+02
2.460000e-06	5.484157e-09	2.674412e-09	2.887201e+01	7.493871e+02
2.470000e-06	5.563996e-09	2.726435e-09	2.929212e+01	7.638354e+02
2.480000e-06	5.643409e-09	2.777154e-09	2.970997e+01	7.779299e+02
2.490000e-06	5.722382e-09	2.826951e-09	3.012548e+01	7.917713e+02
2.500000e-06	5.800887e-09	2.875567e-09	3.053854e+01	8.052786e+02
2.510000e-06	5.878903e-09	2.922372e-09	3.094903e+01	8.182759e+02
2.520000e-06	5.956432e-09	2.966988e-09	3.135694e+01	8.306593e+02
2.530000e-06	6.033500e-09	3.009722e-09	3.176240e+01	8.425223e+02
2.540000e-06	6.110137e-09	3.051170e-09	3.216559e+01	8.540312e+02
2.550000e-06	6.186330e-09	3.091593e-09	3.256644e+01	8.652556e+02
2.560000e-06	6.262036e-09	3.131038e-09	3.296471e+01	8.762139e+02
2.570000e-06	6.337198e-09	3.169682e-09	3.336013e+01	8.869498e+02
2.580000e-06	6.411798e-09	3.207737e-09	3.375257e+01	8.975150e+02
2.590000e-06	6.485862e-09	3.244966e-09	3.414218e+01	9.078512e+02
2.600000e-06	6.559402e-09	3.280973e-09	3.452903e+01	9.178502e+02
2.610000e-06	6.632425e-09	3.315920e-09	3.491318e+01	9.275502e+02
2.620000e-06	6.704904e-09	3.349777e-09	3.529448e+01	9.369381e+02
2.630000e-06	6.776821e-09	3.382308e-09	3.567284e+01	9.459561e+02
2.640000e-06	6.848219e-09	3.413733e-09	3.604847e+01	9.546712e+02
2.650000e-06	6.919146e-09	3.444279e-09	3.642163e+01	9.631443e+02
2.660000e-06	6.989606e-09	3.474018e-09	3.679230e+01	9.713950e+02
2.670000e-06	7.059592e-09	3.502755e-09	3.716044e+01	9.793676e+02
2.680000e-06	7.129091e-09	3.530526e-09	3.752600e+01	9.870705e+02
2.690000e-06	7.198108e-09	3.557789e-09	3.788905e+01	9.946333e+02
2.700000e-06	7.266674e-09	3.584477e-09	3.824977e+01	1.002039e+03
2.710000e-06	7.334805e-09	3.610455e-09	3.860820e+01	1.009245e+03
2.720000e-06	7.402470e-09	3.635711e-09	3.896415e+01	1.016248e+03
2.730000e-06	7.469602e-09	3.660083e-09	3.931728e+01	1.023004e+03
2.740000e-06	7.536146e-09	3.683789e-09	3.966728e+01	1.029574e+03
2.750000e-06	7.602063e-09	3.707014e-09	4.001394e+01	1.036010e+03
2.760000e-06	7.667329e-09	3.729753e-09	4.035722e+01	1.042319e+03
2.770000e-06	7.731966e-09	3.752307e-09	4.069721e+01	1.048580e+03
2.780000e-06	7.796010e-09	3.774645e-09	4.103409e+01	1.054775e+03
2.790000e-06	7.859504e-09	3.796155e-09	4.136806e+01	1.060737e+03
2.800000e-06	7.922497e-09	3.816660e-09	4.169941e+01	1.066422e+03
2.810000e-06	7.985009e-09	3.836539e-09	4.202825e+01	1.071926e+03
2.820000e-06	8.047010e-09	3.855682e-09	4.235442e+01	1.077222e+03
2.830000e-06	8.108474e-09	3.874365e-09	4.267779e+01	1.082393e+03
2.840000e-06	8.169435e-09	3.892988e-09	4.299849e+01	1.087552e+03
2.850000e-06	8.229924e-09	3.911148e-09	4.331671e+01	1.092586e+03
2.860000e-06	8.289929e-09	3.928692e-09	4.363240e+01	1.097453e+03
2.870000e-06	8.349403e-09	3.945504e-09	4.394530e+01	1.102115e+03
2.880000e-06	8.408263e-09	3.961597e-09	4.425489e+01	1.106573e+03
2.890000e-06	8.466400e-09	3.977328e-09	4.456061e+01	1.110933e+03
2.900000e-06	8.523764e-09	3.992657e-09	4.486225e+01	1.115181e+03
2.910000e-06	8.580388e-09	4.007543e-09	4.516006e+01	1.119303e+03
2.920000e-06	8.636341e-09	4.022072e-09	4.545441e+01	1.123327e+03
2.930000e-06	8.691697e-09	4.036243e-09	4.574562e+01	1.127254e+03
2.940000e-06	8.746491e-09	4.050144e-09	4.603386e+01	1.131109e+03
2.950000e-06	8.800725e-09	4.063549e-09	4.631914e+01	1.134822e+03
2.960000e-06	8.854371e-09	4.076309e-09	4.660133e+01	1.138357e+03
2.970000e-06	8.907399e-09	4.088637e-09	4.688026e+01	1.141773e+03
2.980000e-06	8.959789e-09	4.101078e-09	4.715579e+01	1.145216e+03
2.990000e-06	9.011482e-09	4.113633e-09	4.742765e+01	1.148695e+03
3.000000e-06	9.062384e-09	4.125666e-09	4.769535e+01	1.152032e+03
3.010000e-06	9.112409e-09	4.137068e-09	4.795844e+01	1.155190e+03
3.020000e-06	9.161555e-09	4.148104e-09	4.821692e+01	1.158245e+03
3.030000e-06	9.209924e-09	4.159169e-09	4.847135e+01	1.161311e+03
3.040000e-06	9.257630e-09	4.170275e-09	4.872233e+01	1.164396e+03
3.050000e-06	9.304715e-09	4.181183e-09	4.897005e+01	1.167426e+03
3.060000e-06	9.351169e-09	4.191566e-09	4.921443e+01	1.170300e+03
3.070000e-06	9.396961e-09	4.201277e-09	4.945533e+01	1.172989e+03
3.080000e-06	9.442097e-09	4.211062e-09	4.969277e+01	1.175708e+03
3.090000e-06	9.486635e-09	4.221115e-09	4.992706e+01	1.178499e+03
3.100000e-06	9.530653e-09	4.230821e-09	5.015866e+01	1.181189e+03
3.110000e-06	9.574155e-09	4.240118e-09	5.038755e+01	1.183768e+03
3.120000e-06	9.617010e-09	4.249252e-09	5.061295e+01	1.186303e+03
3.130000e-06	9.659028e-09	4.258390e-09	5.083390e+01	1.188847e+03
3.140000e-06	9.700134e-09	4.267676e-09	5.105012e+01	1.191440e+03
3.150000e-06	9.740442e-09	4.276886e-09	5.126218e+01	1.194002e+03
3.160000e-06	9.780102e-09	4.285329e-09	5.147083e+01	1.196339e+03
3.170000e-06	9.819155e-09	4.293021e-09	5.167626e+01	1.198466e+03
3.180000e-06	9.857553e-09	4.300965e-09	5.187825e+01	1.200672e+03
3.190000e-06	9.895239e-09	4.309445e-09	5.207649e+01	1.203033e+03
3.200000e-06	9.932212e-09	4.317699e-09	5.227096e+01	1.205324e+03
3.210000e-06	9.968552e-09	4.325220e-09	5.246214e+01	1.207413e+03
3.220000e-06	1.000433e-08	4.332186e-09	5.265039e+01	1.209349e+03
3.230000e-06	1.003950e-08	4.339170e-09	5.283533e+01	1.211290e+03
3.240000e-06	1.007387e-08	4.346469e-09	5.301601e+01	1.213324e+03
3.250000e-06	1.010730e-08	4.353738e-09	5.319179e+01	1.215343e+03
3.260000e-06	1.013986e-08	4.360602e-09	5.336304e+01	1.217233e+03
3.270000e-06	1.017172e-08	4.367122e-09	5.353066e+01	1.219033e+03
3.280000e-06	1.020296e-08	4.373438e-09	5.369499e+01	1.220795e+03
3.290000e-06	1.023355e-08	4.379662e-09	5.385589e+01	1.222537e+03
3.300000e-06	1.026345e-08	4.385730e-09	5.401310e+01	1.224233e+03
3.310000e-06	1.029262e-08	4.391355e-09	5.416649e+01	1.225796e+03
3.320000e-06	1.032111e-08	4.396682e-09	5.431631e+01	1.227269e+03
3.330000e-06	1.034901e-08	4.402219e-09	5.446308e+01	1.228810e+03
3.340000e-06	1.037633e-08	4.408213e-09	5.460671e+01	1.230479e+03
3.350000e-06	1.040280e-08	4.414252e-09	5.474582e+01	1.232151e+03
3.360000e-06	1.042823e-08	4.419597e-09	5.487943e+01	1.233624e+03
3.370000e-06	1.045271e-08	4.423866e-09	5.500810e+01	1.234800e+03
3.380000e-06	1.047643e-08	4.427648e-09	5.513285e+01	1.235855e+03
3.390000e-06	1.049948e-08	4.431895e-09	5.525403e+01	1.237040e+03
3.400000e-06	1.052183e-08	4.436430e-09	5.537157e+01	1.238296e+03
3.410000e-06	1.054348e-08	4.440578e-09	5.548542e+01	1.239438e+03
3.420000e-06	1.056444e-08	4.444371e-09	5.559557e+01	1.240484e+03
3.430000e-06	1.058474e-08	4.448200e-09	5.570231e+01	1.241555e+03
3.440000e-06	1.060448e-08	4.452085e-09	5.580613e+01	1.242646e+03
3.450000e-06	1.062360e-08	4.455752e-09	5.590668e+01	1.243662e+03
3.460000e-06	1.064195e-08	4.458918e-09	5.600312e+01	1.244522e+03
3.470000e-06	1.065949e-08	4.461541e-09	5.609531e+01	1.245233e+03
3.480000e-06	1.067629e-08	4.464195e-09	5.618361e+01	1.245969e+03
3.490000e-06	1.069232e-08	4.467128e-09	5.626782e+01	1.246784e+03
3.500000e-06	1.070745e-08	4.470112e-09	5.634734e+01	1.247609e+03
3.510000e-06	1.072171e-08	4.472871e-09	5.642225e+01	1.248374e+03
3.520000e-06	1.073516e-08	4.475371e-09	5.649295e+01	1.249070e+03
3.530000e-06	1.074784e-08	4.478125e-09	5.655955e+01	1.249838e+03
3.540000e-06	1.075977e-08	4.481063e-09	5.662224e+01	1.250646e+03
3.550000e-06	1.077090e-08	4.483558e-09	5.668064e+01	1.251322e+03
3.560000e-06	1.078099e-08	4.485119e-09	5.673357e+01	1.251742e+03
3.570000e-06	1.079000e-08	4.485807e-09	5.678080e+01	1.251929e+03
3.580000e-06	1.079814e-08	4.486542e-09	5.682354e+01	1.252143e+03
3.590000e-06	1.080562e-08	4.487850e-09	5.686279e+01	1.252520e+03
3.600000e-06	1.081240e-08	4.489354e-09	5.689837e+01	1.252944e+03
3.610000e-06	1.081842e-08	4.490917e-09	5.692994e+01	1.253374e+03
3.620000e-06	1.082366e-08	4.492382e-09	5.695741e+01	1.253770e+03
3.630000e-06	1.082817e-08	4.493601e-09	5.698104e+01	1.254100e+03
3.640000e-06	1.083209e-08	4.494488e-09	5.700162e+01	1.254340e+03
3.650000e-06	1.083542e-08	4.494970e-09	5.701903e+01	1.254468e+03
3.660000e-06	1.083788e-08	4.494931e-09	5.703181e+01	1.254460e+03
3.670000e-06	1.083928e-08	4.494280e-09	5.703904e+01	1.254294e+03
3.680000e-06	1.083977e-08	4.493607e-09	5.704148e+01	1.254126e+03
3.690000e-06	1.083957e-08	4.493232e-09	5.704038e+01	1.254033e+03
3.700000e-06	1.083873e-08	4.493212e-09	5.703588e+01	1.254032e+03
3.710000e-06	1.083720e-08	4.493692e-09	5.702775e+01	1.254163e+03
3.720000e-06	1.083498e-08	4.494085e-09	5.701593e+01	1.254262e+03
3.730000e-06	1.083205e-08	4.494198e-09	5.700037e+01	1.254282e+03
3.740000e-06	1.082846e-08	4.493976e-09	5.698140e+01	1.254217e+03
3.750000e-06	1.082436e-08	4.492885e-09	5.695976e+01	1.253922e+03
3.760000e-06	1.081974e-08	4.490771e-09	5.693535e+01	1.253343e+03
3.770000e-06	1.081435e-08	4.489191e-09	5.690679e+01	1.253018e+03
3.780000e-06	1.080789e-08	4.491156e-09	5.687258e+01	1.253748e+03
3.790000e-06	1.080016e-08	4.500798e-09	5.683171e+01	1.256229e+03
3.800000e-06	1.079108e-08	4.508374e-09	5.678370e+01	1.257802e+03
3.810000e-06	1.078085e-08	4.492179e-09	5.672975e+01	1.253312e+03
3.820000e-06	1.077016e-08	4.458707e-09	5.667347e+01	1.244775e+03
3.830000e-06	1.075944e-08	4.455043e-09	5.661699e+01	1.243941e+03
3.840000e-06	1.074818e-08	4.489832e-09	5.655752e+01	1.252660e+03
3.850000e-06	1.073575e-08	4.504976e-09	5.649188e+01	1.256582e+03
3.860000e-06	1.072237e-08	4.476955e-09	5.642141e+01	1.249686e+03
3.870000e-06	1.070844e-08	4.469137e-09	5.634789e+01	1.247519e+03
3.880000e-06	1.069364e-08	4.498152e-09	5.626968e+01	1.254726e+03
3.890000e-06	1.067776e-08	4.494153e-09	5.618591e+01	1.254002e+03
3.900000e-06	1.066117e-08	4.468839e-09	5.609853e+01	1.247761e+03
3.910000e-06	1.064402e-08	4.485724e-09	5.600817e+01	1.251708e+03
3.920000e-06	1.062605e-08	4.514652e-09	5.591345e+01	1.259080e+03
3.930000e-06	1.060724e-08	4.498305e-09	5.581439e+01	1.255368e+03
3.940000e-06	1.058782e-08	4.484159e-09	5.571211e+01	1.251689e+03
3.950000e-06	1.056773e-08	4.509976e-09	5.560623e+01	1.258076e+03
3.960000e-06	1.054674e-08	4.510419e-09	5.549557e+01	1.258595e+03
3.970000e-06	1.052481e-08	4.485219e-09	5.538002e+01	1.252374e+03
3.980000e-06	1.050200e-08	4.498562e-09	5.525982e+01	1.255387e+03
3.990000e-06	1.047837e-08	4.522981e-09	5.513538e+01	1.261762e+03
4.000000e-06	1.045407e-08	4.506283e-09	5.500743e+01	1.257725e+03
4.010000e-06	1.042910e-08	4.499774e-09	5.487591e+01	1.255529e+03
4.020000e-06	1.040338e-08	4.521760e-09	5.474045e+01	1.261007e+03
4.030000e-06	1.037694e-08	4.509731e-09	5.460120e+01	1.258396e+03
4.040000e-06	1.034981e-08	4.486517e-09	5.445830e+01	1.252273e+03
4.050000e-06	1.032206e-08	4.501193e-09	5.431215e+01	1.255805e+03
4.060000e-06	1.029375e-08	4.501473e-09	5.416306e+01	1.256371e+03
4.070000e-06	1.026470e-08	4.474624e-09	5.401001e+01	1.249446e+03
4.080000e-06	1.023464e-08	4.482880e-09	5.385161e+01	1.251174e+03
4.090000e-06	1.020358e-08	4.491709e-09	5.368795e+01	1.253747e+03
4.100000e-06	1.017164e-08	4.467757e-09	5.351973e+01	1.247562e+03
4.110000e-06	1.013896e-08	4.470537e-09	5.334763e+01	1.247864e+03
4.120000e-06	1.010563e-08	4.479020e-09	5.317218e+01	1.250196e+03
4.130000e-06	1.007168e-08	4.455565e-09	5.299343e+01	1.244061e+03
4.140000e-06	1.003708e-08	4.458382e-09	5.281126e+01	1.244622e+03
4.150000e-06	1.000186e-08	4.468501e-09	5.262585e+01	1.247393e+03
4.160000e-06	9.966074e-09	4.447345e-09	5.243741e+01	1.241586e+03
4.170000e-06	9.929647e-09	4.446261e-09	5.224558e+01	1.241091e+03
4.180000e-06	9.892457e-09	4.450629e-09	5.204972e+01	1.242445e+03
4.190000e-06	9.854390e-09	4.430637e-09	5.184921e+01	1.237013e+03
4.200000e-06	9.815386e-09	4.431099e-09	5.164380e+01	1.236990e+03
4.210000e-06	9.775572e-09	4.436974e-09	5.143420e+01	1.238703e+03
4.220000e-06	9.735128e-09	4.420002e-09	5.122127e+01	1.234028e+03
4.230000e-06	9.694058e-09	4.417023e-09	5.100502e+01	1.233057e+03
4.240000e-06	9.652275e-09	4.419850e-09	5.078498e+01	1.233882e+03
4.250000e-06	9.609758e-09	4.404043e-09	5.056111e+01	1.229538e+03
4.260000e-06	9.566587e-09	4.396898e-09	5.033381e+01	1.227480e+03
4.270000e-06	9.522861e-09	4.397576e-09	5.010363e+01	1.227654e+03
4.280000e-06	9.478640e-09	4.387381e-09	4.987088e+01	1.224847e+03
4.290000e-06	9.433893e-09	4.380196e-09	4.963531e+01	1.222871e+03
4.300000e-06	9.388527e-09	4.378595e-09	4.939643e+01	1.222410e+03
4.310000e-06	9.342464e-09	4.370859e-09	4.915389e+01	1.220202e+03
4.320000e-06	9.295703e-09	4.361917e-09	4.890771e+01	1.217711e+03
4.330000e-06	9.248303e-09	4.355244e-09	4.865820e+01	1.215874e+03
4.340000e-06	9.200220e-09	4.347758e-09	4.840506e+01	1.213774e+03
4.350000e-06	9.151341e-09	4.341069e-09	4.814769e+01	1.211910e+03
4.360000e-06	9.101671e-09	4.335119e-09	4.788615e+01	1.210257e+03
4.370000e-06	9.051282e-09	4.327337e-09	4.762083e+01	1.208054e+03
4.380000e-06	9.000196e-09	4.319412e-09	4.735184e+01	1.205841e+03
4.390000e-06	8.948389e-09	4.311581e-09	4.707908e+01	1.203709e+03
4.400000e-06	8.895836e-09	4.302371e-09	4.680237e+01	1.201146e+03
4.410000e-06	8.842493e-09	4.294970e-09	4.652148e+01	1.199042e+03
4.420000e-06	8.788331e-09	4.288259e-09	4.623628e+01	1.197173e+03
4.430000e-06	8.733409e-09	4.278682e-09	4.594712e+01	1.194525e+03
4.440000e-06	8.677821e-09	4.270893e-09	4.565448e+01	1.192339e+03
4.450000e-06	8.621625e-09	4.265151e-09	4.535867e+01	1.190726e+03
4.460000e-06	8.564864e-09	4.255863e-09	4.505991e+01	1.188145e+03
4.470000e-06	8.507535e-09	4.246213e-09	4.475816e+01	1.185449e+03
4.480000e-06	8.449604e-09	4.238664e-09	4.445322e+01	1.183324e+03
4.490000e-06	8.391063e-09	4.229741e-09	4.414504e+01	1.180848e+03
4.500000e-06	8.331949e-09	4.219851e-09	4.383386e+01	1.178109e+03
4.510000e-06	8.272281e-09	4.211236e-09	4.351977e+01	1.175695e+03
4.520000e-06	8.212042e-09	4.201825e-09	4.320269e+01	1.173069e+03
4.530000e-06	8.151215e-09	4.191026e-09	4.288249e+01	1.170075e+03
4.540000e-06	8.089752e-09	4.181426e-09	4.255890e+01	1.167390e+03
4.550000e-06	8.027605e-09	4.172992e-09	4.223168e+01	1.165015e+03
4.560000e-06	7.964759e-09	4.163469e-09	4.190079e+01	1.162345e+03
4.570000e-06	7.901264e-09	4.153194e-09	4.156652e+01	1.159472e+03
4.580000e-06	7.837212e-09	4.142835e-09	4.122936e+01	1.156586e+03
4.590000e-06	7.772667e-09	4.131941e-09	4.088961e+01	1.153564e+03
4.600000e-06	7.707633e-09	4.121126e-09	4.054728e+01	1.150566e+03
4.610000e-06	7.642066e-09	4.110887e-09	4.020214e+01	1.147708e+03
4.620000e-06	7.575950e-09	4.100562e-09	3.985410e+01	1.144806e+03
4.630000e-06	7.509319e-09	4.090424e-09	3.950336e+01	1.141956e+03
4.640000e-06	7.442209e-09	4.080804e-09	3.915012e+01	1.139251e+03
4.650000e-06	7.374623e-09	4.070435e-09	3.879440e+01	1.136344e+03
4.660000e-06	7.306541e-09	4.058674e-09	3.843604e+01	1.133064e+03
4.670000e-06	7.237940e-09	4.046471e-09	3.807494e+01	1.129665e+03
4.680000e-06	7.168805e-09	4.034199e-09	3.771100e+01	1.126249e+03
4.690000e-06	7.099112e-09	4.021989e-09	3.734413e+01	1.122852e+03
4.700000e-06	7.028852e-09	4.010133e-09	3.697427e+01	1.119535e+03
4.710000e-06	6.958050e-09	3.998233e-09	3.660156e+01	1.116189e+03
4.720000e-06	6.886727e-09	3.986022e-09	3.622614e+01	1.112760e+03
4.730000e-06	6.814889e-09	3.973722e-09	3.584804e+01	1.109325e+03
4.740000e-06	6.742554e-09	3.961621e-09	3.546737e+01	1.105952e+03
4.750000e-06	6.669779e-09	3.949164e-09	3.508439e+01	1.102479e+03
4.760000e-06	6.596586e-09	3.936066e-09	3.469915e+01	1.098829e+03
4.770000e-06	6.522933e-09	3.922759e-09	3.431148e+01	1.095107e+03
4.780000e-06	6.448804e-09	3.909354e-09	3.392134e+01	1.091345e+03
4.790000e-06	6.374214e-09	3.895613e-09	3.352878e+01	1.087501e+03
4.800000e-06	6.299159e-09	3.881795e-09	3.313378e+01	1.083648e+03
4.810000e-06	6.223644e-09	3.868137e-09	3.273632e+01	1.079838e+03
4.820000e-06	6.147661e-09	3.854664e-09	3.233638e+01	1.076073e+03
4.830000e-06	6.071183e-09	3.841092e-09	3.193385e+01	1.072282e+03
4.840000e-06	5.994192e-09	3.826943e-09	3.152863e+01	1.068330e+03
4.850000e-06	5.916691e-09	3.812529e-09	3.112071e+01	1.064305e+03
4.860000e-06	5.838728e-09	3.798092e-09	3.071032e+01	1.060276e+03
4.870000e-06	5.760324e-09	3.782774e-09	3.029763e+01	1.055995e+03
4.880000e-06	5.681442e-09	3.766629e-09	2.988247e+01	1.051489e+03
4.890000e-06	5.602054e-09	3.750390e-09	2.946468e+01	1.046966e+03
4.900000e-06	5.522152e-09	3.734273e-09	2.904421e+01	1.042473e+03
4.910000e-06	5.441787e-09	3.718413e-09	2.862131e+01	1.038042e+03
4.920000e-06	5.361042e-09	3.702896e-09	2.819640e+01	1.033700e+03
4.930000e-06	5.279969e-09	3.687483e-09	2.776975e+01	1.029392e+03
4.940000e-06	5.198584e-09	3.671945e-09	2.734146e+01	1.025063e+03
4.950000e-06	5.116884e-09	3.655838e-09	2.691151e+01	1.020573e+03
4.960000e-06	5.034864e-09	3.638054e-09	2.647988e+01	1.015611e+03
4.970000e-06	4.952524e-09	3.618917e-09	2.604657e+01	1.010279e+03
4.980000e-06	4.869881e-09	3.599949e-09	2.561169e+01	1.004994e+03
4.990000e-06	4.786944e-09	3.581407e-09	2.517529e+01	9.998220e+02
5.000000e-06	4.703727e-09	3.563246e-09	2.473740e+01	9.947521e+02
5.010000e-06	4.620249e-09	3.545630e-09	2.429809e+01	9.898269e+02
5.020000e-06	4.536479e-09	3.527862e-09	2.385721e+01	9.848549e+02
5.030000e-06	4.452380e-09	3.509174e-09	2.341462e+01	9.796390e+02
5.040000e-06	4.367916e-09	3.489885e-09	2.297013e+01	9.742703e+02
5.050000e-06	4.283073e-09	3.470248e-09	2.252364e+01	9.688053e+02
5.060000e-06	4.197890e-09	3.450210e-09	2.207534e+01	9.632234e+02
5.070000e-06	4.112390e-09	3.430199e-09	2.162534e+01	9.576407e+02
5.080000e-06	4.026597e-09	3.410261e-09	2.117380e+01	9.520727e+02
5.090000e-06	3.940543e-09	3.390361e-09	2.072090e+01	9.465135e+02
5.100000e-06	3.854230e-09	3.370719e-09	2.026664e+01	9.410259e+02
5.110000e-06	3.767630e-09	3.350799e-09	1.981089e+01	9.354649e+02
5.120000e-06	3.680734e-09	3.329909e-09	1.935359e+01	9.296333e+02
5.130000e-06	3.593549e-09	3.308391e-09	1.889475e+01	9.236271e+02
5.140000e-06	3.506070e-09	3.286493e-09	1.843441e+01	9.175218e+02
5.150000e-06	3.418296e-09	3.264262e-09	1.797254e+01	9.113217e+02
5.160000e-06	3.330226e-09	3.241720e-09	1.750913e+01	9.050245e+02
5.170000e-06	3.241885e-09	3.219210e-09	1.704428e+01	8.987314e+02
5.180000e-06	3.153300e-09	3.196936e-09	1.657815e+01	8.925041e+02
5.190000e-06	3.064485e-09	3.174417e-09	1.611081e+01	8.862100e+02
5.200000e-06	2.975466e-09	3.151471e-09	1.564237e+01	8.797972e+02
5.210000e-06	2.886277e-09	3.127842e-09	1.517301e+01	8.731856e+02
5.220000e-06	2.796934e-09	3.103224e-09	1.470283e+01	8.662854e+02
5.230000e-06	2.707436e-09	3.078082e-09	1.423183e+01	8.592448e+02
5.240000e-06	2.617785e-09	3.052525e-09	1.376003e+01	8.521032e+02
5.250000e-06	2.527989e-09	3.026674e-09	1.328749e+01	8.448834e+02
5.260000e-06	2.438052e-09	3.000754e-09	1.281424e+01	8.376468e+02
5.270000e-06	2.347974e-09	2.974483e-09	1.234026e+01	8.303121e+02
5.280000e-06	2.257736e-09	2.947770e-09	1.186543e+01	8.228371e+02
5.290000e-06	2.167337e-09	2.920229e-09	1.138976e+01	8.151159e+02
5.300000e-06	2.076793e-09	2.891933e-09	1.091329e+01	8.071889e+02
5.310000e-06	1.986097e-09	2.863553e-09	1.043600e+01	7.992421e+02
5.320000e-06	1.895254e-09	2.834782e-09	9.957953e+00	7.911863e+02
5.330000e-06	1.804279e-09	2.804611e-09	9.479211e+00	7.827516e+02
5.340000e-06	1.713164e-09	2.773401e-09	8.999755e+00	7.740368e+02
5.350000e-06	1.621935e-09	2.741944e-09	8.519710e+00	7.652485e+02
5.360000e-06	1.530643e-09	2.710223e-09	8.039328e+00	7.563781e+02
5.370000e-06	1.439296e-09	2.678458e-09	7.558674e+00	7.474892e+02
5.380000e-06	1.347887e-09	2.646827e-09	7.077674e+00	7.386335e+02
5.390000e-06	1.256413e-09	2.614629e-09	6.596310e+00	7.296217e+02
5.400000e-06	1.164865e-09	2.581228e-09	6.114559e+00	7.202847e+02
5.410000e-06	1.073237e-09	2.546750e-09	5.632399e+00	7.106550e+02
5.420000e-06	9.815281e-10	2.511516e-09	5.149819e+00	7.008149e+02
5.430000e-06	8.897374e-10	2.475810e-09	4.666795e+00	6.908444e+02
5.440000e-06	7.978666e-10	2.439972e-09	4.183360e+00	6.808343e+02
5.450000e-06	7.059181e-10	2.403804e-09	3.699541e+00	6.707170e+02
5.460000e-06	6.139065e-10	2.366688e-09	3.215378e+00	6.603301e+02
5.470000e-06	5.218380e-10	2.328862e-09	2.730898e+00	6.497509e+02
5.480000e-06	4.297105e-10	2.290668e-09	2.246111e+00	6.390681e+02
5.490000e-06	3.375505e-10	2.251716e-09	1.761161e+00	6.281726e+02
5.500000e-06	2.453949e-10	2.211954e-09	1.276246e+00	6.170516e+02
5.510000e-06	1.532586e-10	2.171526e-09	7.914053e-01	6.057458e+02
5.520000e-06	6.113860e-11	2.130535e-09	3.066484e-01	5.942802e+02
5.530000e-06	-3.097135e-11	2.088990e-09	-1.780299e-01	5.826503e+02
5.540000e-06	-1.230582e-10	2.046105e-09	-6.625953e-01	5.706311e+02
5.550000e-06	-2.151243e-10	2.001121e-09	-1.147045e+00	5.580180e+02
5.560000e-06	-3.071906e-10	1.954535e-09	-1.631476e+00	5.449708e+02
5.570000e-06	-3.992499e-10	1.907502e-09	-2.115874e+00	5.318181e+02
5.580000e-06	-4.912884e-10	1.860176e-09	-2.600168e+00	5.185904e+02
5.590000e-06	-5.833049e-10	1.812113e-09	-3.084344e+00	5.051511e+02
5.600000e-06	-6.752867e-10	1.762817e-09	-3.568331e+00	4.913512e+02
5.610000e-06	-7.672132e-10	1.711788e-09	-4.052030e+00	4.770597e+02
5.620000e-06	-8.590682e-10	1.659126e-09	-4.535365e+00	4.623153e+02
5.630000e-06	-9.508370e-10	1.605033e-09	-5.018255e+00	4.471628e+02
5.640000e-06	-1.042521e-09	1.549246e-09	-5.500698e+00	4.315235e+02
5.650000e-06	-1.134117e-09	1.491339e-09	-5.982654e+00	4.152901e+02
5.660000e-06	-1.225614e-09	1.431578e-09	-6.464090e+00	3.985378e+02
5.670000e-06	-1.317011e-09	1.370690e-09	-6.945028e+00	3.814647e+02
5.680000e-06	-1.408308e-09	1.308565e-09	-7.425433e+00	3.640484e+02
5.690000e-06	-1.499516e-09	1.244628e-09	-7.905355e+00	3.461181e+02
5.700000e-06	-1.590634e-09	1.178351e-09	-8.384798e+00	3.275205e+02
5.710000e-06	-1.681664e-09	1.109355e-09	-8.863770e+00	3.081609e+02
5.720000e-06	-1.772586e-09	1.037570e-09	-9.342185e+00	2.880192e+02
5.730000e-06	-1.863391e-09	9.630893e-10	-9.819964e+00	2.671238e+02
5.740000e-06	-1.954077e-09	8.860896e-10	-1.029710e+01	2.455261e+02
5.750000e-06	-2.044629e-09	8.065468e-10	-1.077355e+01	2.232072e+02
5.760000e-06	-2.135048e-09	7.242121e-10	-1.124933e+01	2.000915e+02
5.770000e-06	-2.225325e-09	6.392837e-10	-1.172436e+01	1.762470e+02
5.780000e-06	-2.315441e-09	5.518655e-10	-1.219851e+01	1.517024e+02
5.790000e-06	-2.405385e-09	4.613650e-10	-1.267174e+01	1.262922e+02
5.800000e-06	-2.495155e-09	3.678523e-10	-1.314406e+01	1.000421e+02
5.810000e-06	-2.584746e-09	2.717703e-10	-1.361545e+01	7.306283e+01
5.820000e-06	-2.674175e-09	1.730629e-10	-1.408599e+01	4.534507e+01
5.830000e-06	-2.763442e-09	7.195633e-11	-1.455568e+01	1.697075e+01
5.840000e-06	-2.852537e-09	-3.127961e-11	-1.502448e+01	-1.198764e+01
5.850000e-06	-2.941470e-09	-1.364543e-10	-1.549243e+01	-4.147286e+01
5.860000e-06	-3.030249e-09	-2.427679e-10	-1.595954e+01	-7.125754e+01
5.870000e-06	-3.118848e-09	-3.495735e-10	-1.642571e+01	-1.011673e+02
5.880000e-06	-3.207232e-09	-4.565889e-10	-1.689074e+01	-1.311218e+02
5.890000e-06	-3.295364e-09	-5.635407e-10	-1.735444e+01	-1.610454e+02
5.900000e-06	-3.383221e-09	-6.701949e-10	-1.781673e+01	-1.908796e+02
5.910000e-06	-3.470794e-09	-7.762396e-10	-1.827752e+01	-2.205361e+02
5.920000e-06	-3.558064e-09	-8.810876e-10	-1.873670e+01	-2.498440e+02
5.930000e-06	-3.645037e-09	-9.842263e-10	-1.919431e+01	-2.786627e+02
5.940000e-06	-3.731709e-09	-1.085635e-09	-1.965033e+01	-3.069798e+02
5.950000e-06	-3.818072e-09	-1.185315e-09	-2.010472e+01	-3.347970e+02
5.960000e-06	-3.904150e-09	-1.282868e-09	-2.055762e+01	-3.620090e+02
5.970000e-06	-3.989968e-09	-1.377650e-09	-2.100916e+01	-3.884357e+02
5.980000e-06	-4.075519e-09	-1.469558e-09	-2.145928e+01	-4.140598e+02
5.990000e-06	-4.160785e-09	-1.558856e-09	-2.190790e+01	-4.389563e+02
6.000000e-06	-4.245751e-09	-1.645825e-09	-2.235494e+01	-4.631997e+02
6.010000e-06	-4.330374e-09	-1.730703e-09	-2.280018e+01	-4.868477e+02
6.020000e-06	-4.414651e-09	-1.813201e-09	-2.324361e+01	-5.098153e+02
6.030000e-06	-4.498609e-09	-1.893260e-09	-2.368537e+01	-5.320950e+02
6.040000e-06	-4.582243e-09	-1.971057e-09	-2.412542e+01	-5.537391e+02
6.050000e-06	-4.665557e-09	-2.046326e-09	-2.456378e+01	-5.746806e+02
6.060000e-06	-4.748555e-09	-2.118954e-09	-2.500045e+01	-5.948990e+02
6.070000e-06	-4.831239e-09	-2.189196e-09	-2.543544e+01	-6.144583e+02
6.080000e-06	-4.913610e-09	-2.257047e-09	-2.586879e+01	-6.333417e+02
6.090000e-06	-4.995657e-09	-2.322948e-09	-2.630045e+01	-6.516677e+02
6.100000e-06	-5.077371e-09	-2.387318e-09	-2.673038e+01	-6.695582e+02
6.110000e-06	-5.158773e-09	-2.449557e-09	-2.715868e+01	-6.868466e+02
6.120000e-06	-5.239876e-09	-2.509494e-09	-2.758540e+01	-7.034911e+02
6.130000e-06	-5.320678e-09	-2.567278e-09	-2.801053e+01	-7.195481e+02
6.140000e-06	-5.401163e-09	-2.622966e-09	-2.843398e+01	-7.350387e+02
6.150000e-06	-5.481268e-09	-2.677039e-09	-2.885546e+01	-7.500857e+02
6.160000e-06	-5.560928e-09	-2.729500e-09	-2.927461e+01	-7.646760e+02
6.170000e-06	-5.640111e-09	-2.779834e-09	-2.969124e+01	-7.786576e+02
6.180000e-06	-5.718794e-09	-2.828516e-09	-3.010521e+01	-7.921704e+02
6.190000e-06	-5.796972e-09	-2.876245e-09	-3.051649e+01	-8.054180e+02
6.200000e-06	-5.874639e-09	-2.923137e-09	-3.092508e+01	-8.184402e+02
6.210000e-06	-5.951763e-09	-2.968984e-09	-3.133083e+01	-8.311754e+02
6.220000e-06	-6.028337e-09	-3.012978e-09	-3.173367e+01	-8.433870e+02
6.230000e-06	-6.104391e-09	-3.054946e-09	-3.213381e+01	-8.550373e+02
6.240000e-06	-6.179976e-09	-3.095452e-09	-3.253150e+01	-8.662955e+02
6.250000e-06	-6.255136e-09	-3.134863e-09	-3.292694e+01	-8.772472e+02
6.260000e-06	-6.329865e-09	-3.173351e-09	-3.332012e+01	-8.879326e+02
6.270000e-06	-6.404160e-09	-3.210877e-09	-3.371101e+01	-8.983528e+02
6.280000e-06	-6.478021e-09	-3.247329e-09	-3.409959e+01	-9.084715e+02
6.290000e-06	-6.551450e-09	-3.282989e-09	-3.448588e+01	-9.183693e+02
6.300000e-06	-6.624477e-09	-3.318080e-09	-3.487005e+01	-9.281154e+02
6.310000e-06	-6.697103e-09	-3.352479e-09	-3.525212e+01	-9.376652e+02
6.320000e-06	-6.769292e-09	-3.386036e-09	-3.563192e+01	-9.469712e+02
6.330000e-06	-6.840993e-09	-3.418293e-09	-3.600917e+01	-9.559115e+02
6.340000e-06	-6.912163e-09	-3.449497e-09	-3.638361e+01	-9.645620e+02
6.350000e-06	-6.982762e-09	-3.479895e-09	-3.675506e+01	-9.729960e+02
6.360000e-06	-7.052787e-09	-3.509001e-09	-3.712347e+01	-9.810796e+02
6.370000e-06	-7.122258e-09	-3.536953e-09	-3.748897e+01	-9.888409e+02
6.380000e-06	-7.191171e-09	-3.564214e-09	-3.785154e+01	-9.963992e+02
6.390000e-06	-7.259536e-09	-3.590744e-09	-3.821127e+01	-1.003744e+03
6.400000e-06	-7.327394e-09	-3.616474e-09	-3.856834e+01	-1.010869e+03
6.410000e-06	-7.394784e-09	-3.641563e-09	-3.892292e+01	-1.017823e+03
6.420000e-06	-7.461731e-09	-3.665768e-09	-3.927515e+01	-1.024534e+03
6.430000e-06	-7.528211e-09	-3.689091e-09	-3.962495e+01	-1.031011e+03
6.440000e-06	-7.594174e-09	-3.711766e-09	-3.997203e+01	-1.037312e+03
6.450000e-06	-7.659610e-09	-3.733689e-09	-4.031632e+01	-1.043406e+03
6.460000e-06	-7.724549e-09	-3.754890e-09	-4.065797e+01	-1.049294e+03
6.470000e-06	-7.788992e-09	-3.775662e-09	-4.099703e+01	-1.055050e+03
6.480000e-06	-7.852905e-09	-3.796436e-09	-4.133330e+01	-1.060797e+03
6.490000e-06	-7.916251e-09	-3.817107e-09	-4.166655e+01	-1.066522e+03
6.500000e-06	-7.978976e-09	-3.837377e-09	-4.199653e+01	-1.072150e+03
6.510000e-06	-8.041039e-09	-3.857313e-09	-4.232304e+01	-1.077693e+03
6.520000e-06	-8.102454e-09	-3.876462e-09	-4.264616e+01	-1.083015e+03
6.530000e-06	-8.163260e-09	-3.894748e-09	-4.296609e+01	-1.088092e+03
6.540000e-06	-8.223490e-09	-3.912648e-09	-4.328300e+01	-1.093059e+03
6.550000e-06	-8.283177e-09	-3.930202e-09	-4.359704e+01	-1.097925e+03
6.560000e-06	-8.342336e-09	-3.947403e-09	-4.390831e+01	-1.102691e+03
6.570000e-06	-8.400932e-09	-3.964348e-09	-4.421663e+01	-1.107388e+03
6.580000e-06	-8.458934e-09	-3.980895e-09	-4.452181e+01	-1.111974e+03
6.590000e-06	-8.516342e-09	-3.996834e-09	-4.482384e+01	-1.116396e+03
6.600000e-06	-8.573169e-09	-4.012266e-09	-4.512278e+01	-1.120687e+03
6.610000e-06	-8.629425e-09	-4.027303e-09	-4.541870e+01	-1.124874e+03
6.620000e-06	-8.685069e-09	-4.041897e-09	-4.571141e+01	-1.128934e+03
6.630000e-06	-8.740015e-09	-4.056035e-09	-4.600044e+01	-1.132854e+03
6.640000e-06	-8.794171e-09	-4.069817e-09	-4.628534e+01	-1.136674e+03
6.650000e-06	-8.847516e-09	-4.083138e-09	-4.656599e+01	-1.140375e+03
6.660000e-06	-8.900101e-09	-4.096064e-09	-4.684265e+01	-1.143967e+03
6.670000e-06	-8.951987e-09	-4.108662e-09	-4.711563e+01	-1.147461e+03
6.680000e-06	-9.003216e-09	-4.120794e-09	-4.738514e+01	-1.150822e+03
6.690000e-06	-9.053760e-09	-4.132689e-09	-4.765104e+01	-1.154118e+03
6.700000e-06	-9.103512e-09	-4.144485e-09	-4.791274e+01	-1.157393e+03
6.710000e-06	-9.152397e-09	-4.156005e-09	-4.816986e+01	-1.160601e+03
6.720000e-06	-9.200406e-09	-4.166974e-09	-4.842241e+01	-1.163653e+03
6.730000e-06	-9.247628e-09	-4.177354e-09	-4.867085e+01	-1.166537e+03
6.740000e-06	-9.294221e-09	-4.187233e-09	-4.891598e+01	-1.169281e+03
6.750000e-06	-9.340252e-09	-4.196889e-09	-4.915812e+01	-1.171967e+03
6.760000e-06	-9.385715e-09	-4.206755e-09	-4.939727e+01	-1.174708e+03
6.770000e-06	-9.430617e-09	-4.216700e-09	-4.963348e+01	-1.177458e+03
6.780000e-06	-9.474991e-09	-4.226189e-09	-4.986691e+01	-1.180080e+03
6.790000e-06	-9.518847e-09	-4.235131e-09	-5.009762e+01	-1.182561e+03
6.800000e-06	-9.562152e-09	-4.243860e-09	-5.032543e+01	-1.184995e+03
6.810000e-06	-9.604862e-09	-4.252511e-09	-5.055011e+01	-1.187410e+03
6.820000e-06	-9.646939e-09	-4.260907e-09	-5.077145e+01	-1.189746e+03
6.830000e-06	-9.688358e-09	-4.269043e-09	-5.098932e+01	-1.192000e+03
6.840000e-06	-9.729143e-09	-4.277065e-09	-5.120387e+01	-1.194220e+03
6.850000e-06	-9.769343e-09	-4.285024e-09	-5.141534e+01	-1.196430e+03
6.860000e-06	-9.808922e-09	-4.292995e-09	-5.162352e+01	-1.198644e+03
6.870000e-06	-9.847720e-09	-4.300775e-09	-5.182757e+01	-1.200794e+03
6.880000e-06	-9.885599e-09	-4.308133e-09	-5.202679e+01	-1.202826e+03
6.890000e-06	-9.922595e-09	-4.315250e-09	-5.222142e+01	-1.204803e+03
6.900000e-06	-9.958884e-09	-4.322334e-09	-5.241235e+01	-1.206783e+03
6.910000e-06	-9.994568e-09	-4.329564e-09	-5.260006e+01	-1.208807e+03
6.920000e-06	-1.002961e-08	-4.336753e-09	-5.278440e+01	-1.210805e+03
6.930000e-06	-1.006397e-08	-4.343405e-09	-5.296510e+01	-1.212641e+03
6.940000e-06	-1.009762e-08	-4.349591e-09	-5.314206e+01	-1.214347e+03
6.950000e-06	-1.013059e-08	-4.355626e-09	-5.331545e+01	-1.216024e+03
6.960000e-06	-1.016294e-08	-4.361626e-09	-5.348559e+01	-1.217702e+03
6.970000e-06	-1.019468e-08	-4.367725e-09	-5.365248e+01	-1.219395e+03
6.980000e-06	-1.022562e-08	-4.373594e-09	-5.381514e+01	-1.221013e+03
6.990000e-06	-1.025555e-08	-4.379066e-09	-5.397250e+01	-1.222535e+03
7.000000e-06	-1.028453e-08	-4.384847e-09	-5.412491e+01	-1.224153e+03
7.010000e-06	-1.031280e-08	-4.390983e-09	-5.427359e+01	-1.225865e+03
7.020000e-06	-1.034046e-08	-4.396457e-09	-5.441901e+01	-1.227382e+03
7.030000e-06	-1.036742e-08	-4.401084e-09	-5.456079e+01	-1.228655e+03
7.040000e-06	-1.039364e-08	-4.405548e-09	-5.469865e+01	-1.229879e+03
7.050000e-06	-1.041910e-08	-4.410167e-09	-5.483248e+01	-1.231160e+03
7.060000e-06	-1.044386e-08	-4.415254e-09	-5.496265e+01	-1.232581e+03
7.070000e-06	-1.046807e-08	-4.420322e-09	-5.508991e+01	-1.233986e+03
7.080000e-06	-1.049170e-08	-4.424354e-09	-5.521411e+01	-1.235102e+03
7.090000e-06	-1.051449e-08	-4.427628e-09	-5.533384e+01	-1.236018e+03
7.100000e-06	-1.053623e-08	-4.431250e-09	-5.544808e+01	-1.237040e+03
7.110000e-06	-1.055704e-08	-4.435431e-09	-5.555751e+01	-1.238207e+03
7.120000e-06	-1.057720e-08	-4.439387e-09	-5.566351e+01	-1.239295e+03
7.130000e-06	-1.059676e-08	-4.442774e-09	-5.576630e+01	-1.240215e+03
7.140000e-06	-1.061560e-08	-4.446071e-09	-5.586535e+01	-1.241115e+03
7.150000e-06	-1.063371e-08	-4.449614e-09	-5.596055e+01	-1.242104e+03
7.160000e-06	-1.065109e-08	-4.453268e-09	-5.605184e+01	-1.243141e+03
7.170000e-06	-1.066776e-08	-4.456375e-09	-5.613944e+01	-1.244027e+03
7.180000e-06	-1.068385e-08	-4.458762e-09	-5.622397e+01	-1.244697e+03
7.190000e-06	-1.069923e-08	-4.461156e-09	-5.630481e+01	-1.245355e+03
7.200000e-06	-1.071356e-08	-4.463956e-09	-5.638004e+01	-1.246121e+03
7.210000e-06	-1.072672e-08	-4.467106e-09	-5.644921e+01	-1.246983e+03
7.220000e-06	-1.073899e-08	-4.470175e-09	-5.651369e+01	-1.247825e+03
7.230000e-06	-1.075052e-08	-4.472504e-09	-5.657423e+01	-1.248467e+03
7.240000e-06	-1.076130e-08	-4.474190e-09	-5.663082e+01	-1.248945e+03
7.250000e-06	-1.077135e-08	-4.475891e-09	-5.668359e+01	-1.249438e+03
7.260000e-06	-1.078065e-08	-4.477946e-09	-5.673242e+01	-1.250029e+03
7.270000e-06	-1.078926e-08	-4.480059e-09	-5.677760e+01	-1.250618e+03
7.280000e-06	-1.079727e-08	-4.481736e-09	-5.681966e+01	-1.251064e+03
7.290000e-06	-1.080458e-08	-4.483016e-09	-5.685797e+01	-1.251402e+03
7.300000e-06	-1.081089e-08	-4.484312e-09	-5.689106e+01	-1.251766e+03
7.310000e-06	-1.081615e-08	-4.485814e-09	-5.691859e+01	-1.252201e+03
7.320000e-06	-1.082060e-08	-4.487120e-09	-5.694192e+01	-1.252590e+03
7.330000e-06	-1.082446e-08	-4.487842e-09	-5.696207e+01	-1.252810e+03
7.340000e-06	-1.082765e-08	-4.488372e-09	-5.697875e+01	-1.252960e+03
7.350000e-06	-1.083016e-08	-4.489115e-09	-5.699181e+01	-1.253159e+03
7.360000e-06	-1.083196e-08	-4.490057e-09	-5.700119e+01	-1.253418e+03
7.370000e-06	-1.083296e-08	-4.491128e-09	-5.700631e+01	-1.253706e+03
