# Temperatura_=_20.25428571428571
# Concentracion g/m^3_=_10000.0
# C_Vs_to_Am_M_A/Vsm_=_254322799225.57578
# pendiente_HvsI_1/m_=_3716.3
# ordenada_HvsI_A/m_=_1297.0
# frecuencia_Hz_=_135558.89944973693
# Promedio de 35 ciclos

Tiempo_(s)	Campo_(V.s)	Magnetizacion_(V.s)	Campo_(kA/m)	Magnetizacion_(A/m)
0.000000e+00	-1.088822e-08	-4.799664e-09	-5.701635e+01	-1.425024e+03
1.000000e-08	-1.088827e-08	-4.800753e-09	-5.701660e+01	-1.425324e+03
2.000000e-08	-1.088760e-08	-4.801637e-09	-5.701304e+01	-1.425568e+03
3.000000e-08	-1.088588e-08	-4.801834e-09	-5.700403e+01	-1.425624e+03
4.000000e-08	-1.088315e-08	-4.800898e-09	-5.698972e+01	-1.425352e+03
5.000000e-08	-1.087969e-08	-4.799599e-09	-5.697151e+01	-1.424971e+03
6.000000e-08	-1.087567e-08	-4.798805e-09	-5.695048e+01	-1.424757e+03
7.000000e-08	-1.087104e-08	-4.798075e-09	-5.692625e+01	-1.424557e+03
8.000000e-08	-1.086569e-08	-4.796855e-09	-5.689818e+01	-1.424192e+03
9.000000e-08	-1.085948e-08	-4.797410e-09	-5.686565e+01	-1.424312e+03
1.000000e-07	-1.085224e-08	-4.798935e-09	-5.682765e+01	-1.424721e+03
1.100000e-07	-1.084364e-08	-4.795472e-09	-5.678258e+01	-1.423623e+03
1.200000e-07	-1.083354e-08	-4.788949e-09	-5.672970e+01	-1.421653e+03
1.300000e-07	-1.082257e-08	-4.787026e-09	-5.667223e+01	-1.421239e+03
1.400000e-07	-1.081141e-08	-4.797002e-09	-5.661374e+01	-1.424312e+03
1.500000e-07	-1.079983e-08	-4.804141e-09	-5.655306e+01	-1.426310e+03
1.600000e-07	-1.078724e-08	-4.786967e-09	-5.648713e+01	-1.420965e+03
1.700000e-07	-1.077381e-08	-4.781306e-09	-5.641676e+01	-1.419047e+03
1.800000e-07	-1.075989e-08	-4.806515e-09	-5.634382e+01	-1.426716e+03
1.900000e-07	-1.074488e-08	-4.808630e-09	-5.626522e+01	-1.427546e+03
2.000000e-07	-1.072853e-08	-4.781379e-09	-5.617959e+01	-1.419245e+03
2.100000e-07	-1.071159e-08	-4.779063e-09	-5.609082e+01	-1.418849e+03
2.200000e-07	-1.069424e-08	-4.794329e-09	-5.599992e+01	-1.423858e+03
2.300000e-07	-1.067601e-08	-4.782658e-09	-5.590443e+01	-1.420014e+03
2.400000e-07	-1.065696e-08	-4.778778e-09	-5.580458e+01	-1.418342e+03
2.500000e-07	-1.063742e-08	-4.806517e-09	-5.570217e+01	-1.426820e+03
2.600000e-07	-1.061721e-08	-4.807898e-09	-5.559635e+01	-1.427264e+03
2.700000e-07	-1.059620e-08	-4.788453e-09	-5.548625e+01	-1.420967e+03
2.800000e-07	-1.057456e-08	-4.799556e-09	-5.537283e+01	-1.424601e+03
2.900000e-07	-1.055220e-08	-4.803566e-09	-5.525567e+01	-1.426429e+03
3.000000e-07	-1.052901e-08	-4.774684e-09	-5.513409e+01	-1.417549e+03
3.100000e-07	-1.050524e-08	-4.770615e-09	-5.500950e+01	-1.416437e+03
3.200000e-07	-1.048086e-08	-4.784821e-09	-5.488175e+01	-1.421343e+03
3.300000e-07	-1.045543e-08	-4.768845e-09	-5.474856e+01	-1.416202e+03
3.400000e-07	-1.042893e-08	-4.762746e-09	-5.460974e+01	-1.413764e+03
3.500000e-07	-1.040169e-08	-4.787145e-09	-5.446705e+01	-1.421440e+03
3.600000e-07	-1.037384e-08	-4.783388e-09	-5.432113e+01	-1.420243e+03
3.700000e-07	-1.034538e-08	-4.771182e-09	-5.417203e+01	-1.415846e+03
3.800000e-07	-1.031625e-08	-4.792411e-09	-5.401944e+01	-1.422535e+03
3.900000e-07	-1.028634e-08	-4.791517e-09	-5.386274e+01	-1.422570e+03
4.000000e-07	-1.025566e-08	-4.771270e-09	-5.370198e+01	-1.415810e+03
4.100000e-07	-1.022433e-08	-4.783384e-09	-5.353777e+01	-1.419666e+03
4.200000e-07	-1.019242e-08	-4.783770e-09	-5.337052e+01	-1.420211e+03
4.300000e-07	-1.015982e-08	-4.763893e-09	-5.319979e+01	-1.413621e+03
4.400000e-07	-1.012628e-08	-4.771496e-09	-5.302426e+01	-1.415987e+03
4.500000e-07	-1.009172e-08	-4.774641e-09	-5.284334e+01	-1.417457e+03
4.600000e-07	-1.005637e-08	-4.755321e-09	-5.265815e+01	-1.411293e+03
4.700000e-07	-1.002044e-08	-4.753760e-09	-5.246990e+01	-1.410729e+03
4.800000e-07	-9.983895e-09	-4.756820e-09	-5.227851e+01	-1.412011e+03
4.900000e-07	-9.946687e-09	-4.743837e-09	-5.208364e+01	-1.407939e+03
5.000000e-07	-9.908768e-09	-4.739962e-09	-5.188503e+01	-1.406671e+03
5.100000e-07	-9.870109e-09	-4.740899e-09	-5.168252e+01	-1.407171e+03
5.200000e-07	-9.830836e-09	-4.729851e-09	-5.147675e+01	-1.403823e+03
5.300000e-07	-9.791044e-09	-4.724220e-09	-5.126823e+01	-1.402094e+03
5.400000e-07	-9.750562e-09	-4.725229e-09	-5.105617e+01	-1.402493e+03
5.500000e-07	-9.709148e-09	-4.716092e-09	-5.083935e+01	-1.399727e+03
5.600000e-07	-9.666761e-09	-4.706327e-09	-5.061745e+01	-1.396823e+03
5.700000e-07	-9.623528e-09	-4.704277e-09	-5.039097e+01	-1.396260e+03
5.800000e-07	-9.579614e-09	-4.698991e-09	-5.016085e+01	-1.394632e+03
5.900000e-07	-9.535115e-09	-4.691020e-09	-4.992776e+01	-1.392270e+03
6.000000e-07	-9.490026e-09	-4.686768e-09	-4.969162e+01	-1.391045e+03
6.100000e-07	-9.444281e-09	-4.680777e-09	-4.945201e+01	-1.389234e+03
6.200000e-07	-9.397875e-09	-4.672193e-09	-4.920892e+01	-1.386692e+03
6.300000e-07	-9.350867e-09	-4.665883e-09	-4.896267e+01	-1.384839e+03
6.400000e-07	-9.303250e-09	-4.660258e-09	-4.871328e+01	-1.383127e+03
6.500000e-07	-9.254891e-09	-4.652964e-09	-4.846008e+01	-1.380971e+03
6.600000e-07	-9.205640e-09	-4.645809e-09	-4.820232e+01	-1.378883e+03
6.700000e-07	-9.155446e-09	-4.639350e-09	-4.793965e+01	-1.376935e+03
6.800000e-07	-9.104359e-09	-4.632735e-09	-4.767216e+01	-1.374949e+03
6.900000e-07	-9.052461e-09	-4.625104e-09	-4.740033e+01	-1.372717e+03
7.000000e-07	-8.999842e-09	-4.616753e-09	-4.712475e+01	-1.370248e+03
7.100000e-07	-8.946560e-09	-4.608713e-09	-4.684572e+01	-1.367881e+03
7.200000e-07	-8.892644e-09	-4.600820e-09	-4.656337e+01	-1.365560e+03
7.300000e-07	-8.838145e-09	-4.592727e-09	-4.627795e+01	-1.363145e+03
7.400000e-07	-8.783113e-09	-4.585463e-09	-4.598968e+01	-1.360979e+03
7.500000e-07	-8.727552e-09	-4.578124e-09	-4.569861e+01	-1.358817e+03
7.600000e-07	-8.671439e-09	-4.568967e-09	-4.540470e+01	-1.356093e+03
7.700000e-07	-8.614699e-09	-4.559679e-09	-4.510758e+01	-1.353311e+03
7.800000e-07	-8.557222e-09	-4.551495e-09	-4.480666e+01	-1.350893e+03
7.900000e-07	-8.498965e-09	-4.543057e-09	-4.450169e+01	-1.348406e+03
8.000000e-07	-8.439997e-09	-4.534165e-09	-4.419292e+01	-1.345771e+03
8.100000e-07	-8.380395e-09	-4.525381e-09	-4.388072e+01	-1.343179e+03
8.200000e-07	-8.320216e-09	-4.515998e-09	-4.356544e+01	-1.340387e+03
8.300000e-07	-8.259469e-09	-4.506106e-09	-4.324723e+01	-1.337434e+03
8.400000e-07	-8.198125e-09	-4.496410e-09	-4.292596e+01	-1.334578e+03
8.500000e-07	-8.136210e-09	-4.486637e-09	-4.260168e+01	-1.331713e+03
8.600000e-07	-8.073781e-09	-4.476431e-09	-4.227470e+01	-1.328693e+03
8.700000e-07	-8.010885e-09	-4.466784e-09	-4.194525e+01	-1.325819e+03
8.800000e-07	-7.947530e-09	-4.457828e-09	-4.161344e+01	-1.323154e+03
8.900000e-07	-7.883666e-09	-4.448284e-09	-4.127906e+01	-1.320319e+03
9.000000e-07	-7.819259e-09	-4.437886e-09	-4.094181e+01	-1.317245e+03
9.100000e-07	-7.754286e-09	-4.427351e-09	-4.060161e+01	-1.314136e+03
9.200000e-07	-7.688686e-09	-4.416800e-09	-4.025820e+01	-1.311000e+03
9.300000e-07	-7.622438e-09	-4.406244e-09	-3.991130e+01	-1.307863e+03
9.400000e-07	-7.555577e-09	-4.395767e-09	-3.956113e+01	-1.304774e+03
9.500000e-07	-7.488127e-09	-4.384861e-09	-3.920793e+01	-1.301565e+03
9.600000e-07	-7.420135e-09	-4.373012e-09	-3.885189e+01	-1.298068e+03
9.700000e-07	-7.351675e-09	-4.361207e-09	-3.849335e+01	-1.294557e+03
9.800000e-07	-7.282743e-09	-4.349675e-09	-3.813238e+01	-1.291127e+03
9.900000e-07	-7.213297e-09	-4.337836e-09	-3.776883e+01	-1.287616e+03
1.000000e-06	-7.143342e-09	-4.325925e-09	-3.740261e+01	-1.284098e+03
1.010000e-06	-7.072908e-09	-4.314060e-09	-3.703381e+01	-1.280597e+03
1.020000e-06	-7.002031e-09	-4.302004e-09	-3.666261e+01	-1.277031e+03
1.030000e-06	-6.930728e-09	-4.289654e-09	-3.628923e+01	-1.273372e+03
1.040000e-06	-6.858989e-09	-4.277011e-09	-3.591362e+01	-1.269636e+03
1.050000e-06	-6.786746e-09	-4.263809e-09	-3.553536e+01	-1.265734e+03
1.060000e-06	-6.713933e-09	-4.249966e-09	-3.515417e+01	-1.261631e+03
1.070000e-06	-6.640513e-09	-4.236141e-09	-3.476985e+01	-1.257522e+03
1.080000e-06	-6.566462e-09	-4.222742e-09	-3.438226e+01	-1.253549e+03
1.090000e-06	-6.491776e-09	-4.209467e-09	-3.399133e+01	-1.249628e+03
1.100000e-06	-6.416496e-09	-4.196074e-09	-3.359732e+01	-1.245678e+03
1.110000e-06	-6.340680e-09	-4.182185e-09	-3.320047e+01	-1.241576e+03
1.120000e-06	-6.264376e-09	-4.167621e-09	-3.280096e+01	-1.237255e+03
1.130000e-06	-6.187616e-09	-4.152576e-09	-3.239903e+01	-1.232781e+03
1.140000e-06	-6.110391e-09	-4.137298e-09	-3.199472e+01	-1.228247e+03
1.150000e-06	-6.032698e-09	-4.122089e-09	-3.158804e+01	-1.223745e+03
1.160000e-06	-5.954537e-09	-4.106888e-09	-3.117893e+01	-1.219249e+03
1.170000e-06	-5.875913e-09	-4.091235e-09	-3.076734e+01	-1.214616e+03
1.180000e-06	-5.796832e-09	-4.075476e-09	-3.035333e+01	-1.209944e+03
1.190000e-06	-5.717284e-09	-4.059685e-09	-2.993695e+01	-1.205273e+03
1.200000e-06	-5.637261e-09	-4.043500e-09	-2.951813e+01	-1.200493e+03
1.210000e-06	-5.556760e-09	-4.026961e-09	-2.909675e+01	-1.195596e+03
1.220000e-06	-5.475789e-09	-4.010091e-09	-2.867281e+01	-1.190583e+03
1.230000e-06	-5.394388e-09	-3.992750e-09	-2.824654e+01	-1.185426e+03
1.240000e-06	-5.312617e-09	-3.975092e-09	-2.781826e+01	-1.180172e+03
1.250000e-06	-5.230544e-09	-3.957287e-09	-2.738834e+01	-1.174891e+03
1.260000e-06	-5.148181e-09	-3.939150e-09	-2.695694e+01	-1.169537e+03
1.270000e-06	-5.065530e-09	-3.920584e-09	-2.652402e+01	-1.164059e+03
1.280000e-06	-4.982603e-09	-3.902093e-09	-2.608969e+01	-1.158582e+03
1.290000e-06	-4.899394e-09	-3.883837e-09	-2.565393e+01	-1.153152e+03
1.300000e-06	-4.815895e-09	-3.865275e-09	-2.521666e+01	-1.147628e+03
1.310000e-06	-4.732097e-09	-3.846300e-09	-2.477785e+01	-1.141997e+03
1.320000e-06	-4.648017e-09	-3.826872e-09	-2.433755e+01	-1.136238e+03
1.330000e-06	-4.563660e-09	-3.806641e-09	-2.389578e+01	-1.130238e+03
1.340000e-06	-4.479009e-09	-3.786160e-09	-2.345244e+01	-1.124168e+03
1.350000e-06	-4.394056e-09	-3.766055e-09	-2.300751e+01	-1.118212e+03
1.360000e-06	-4.308809e-09	-3.745905e-09	-2.256109e+01	-1.112238e+03
1.370000e-06	-4.223260e-09	-3.725493e-09	-2.211309e+01	-1.106186e+03
1.380000e-06	-4.137404e-09	-3.704765e-09	-2.166352e+01	-1.100039e+03
1.390000e-06	-4.051294e-09	-3.683493e-09	-2.121263e+01	-1.093723e+03
1.400000e-06	-3.964947e-09	-3.661732e-09	-2.076042e+01	-1.087264e+03
1.410000e-06	-3.878367e-09	-3.639948e-09	-2.030694e+01	-1.080812e+03
1.420000e-06	-3.791571e-09	-3.617898e-09	-1.985235e+01	-1.074281e+03
1.430000e-06	-3.704558e-09	-3.595030e-09	-1.939662e+01	-1.067503e+03
1.440000e-06	-3.617318e-09	-3.571650e-09	-1.893973e+01	-1.060573e+03
1.450000e-06	-3.529822e-09	-3.548589e-09	-1.848157e+01	-1.053729e+03
1.460000e-06	-3.442063e-09	-3.525808e-09	-1.802211e+01	-1.046959e+03
1.470000e-06	-3.354047e-09	-3.502407e-09	-1.756133e+01	-1.040009e+03
1.480000e-06	-3.265749e-09	-3.478156e-09	-1.709911e+01	-1.032818e+03
1.490000e-06	-3.177165e-09	-3.453133e-09	-1.663534e+01	-1.025401e+03
1.500000e-06	-3.088287e-09	-3.427703e-09	-1.617003e+01	-1.017859e+03
1.510000e-06	-2.999137e-09	-3.402615e-09	-1.570331e+01	-1.010413e+03
1.520000e-06	-2.909761e-09	-3.377326e-09	-1.523532e+01	-1.002897e+03
1.530000e-06	-2.820211e-09	-3.350851e-09	-1.476636e+01	-9.950369e+02
1.540000e-06	-2.730495e-09	-3.323724e-09	-1.429653e+01	-9.869839e+02
1.550000e-06	-2.640579e-09	-3.296750e-09	-1.382566e+01	-9.789622e+02
1.560000e-06	-2.550489e-09	-3.269457e-09	-1.335396e+01	-9.708547e+02
1.570000e-06	-2.460258e-09	-3.241308e-09	-1.288156e+01	-9.625050e+02
1.580000e-06	-2.369869e-09	-3.212463e-09	-1.240829e+01	-9.539489e+02
1.590000e-06	-2.279282e-09	-3.182795e-09	-1.193402e+01	-9.451453e+02
1.600000e-06	-2.188495e-09	-3.152501e-09	-1.145875e+01	-9.361595e+02
1.610000e-06	-2.097516e-09	-3.122211e-09	-1.098253e+01	-9.271684e+02
1.620000e-06	-2.006321e-09	-3.091882e-09	-1.050522e+01	-9.181532e+02
1.630000e-06	-1.914935e-09	-3.060994e-09	-1.002686e+01	-9.089764e+02
1.640000e-06	-1.823370e-09	-3.029426e-09	-9.547520e+00	-8.995963e+02
1.650000e-06	-1.731614e-09	-2.997503e-09	-9.067190e+00	-8.901053e+02
1.660000e-06	-1.639711e-09	-2.965226e-09	-8.586031e+00	-8.805150e+02
1.670000e-06	-1.547710e-09	-2.932154e-09	-8.104331e+00	-8.706941e+02
1.680000e-06	-1.455630e-09	-2.898169e-09	-7.622208e+00	-8.606176e+02
1.690000e-06	-1.363473e-09	-2.863756e-09	-7.139647e+00	-8.504153e+02
1.700000e-06	-1.271251e-09	-2.829372e-09	-6.656724e+00	-8.402021e+02
1.710000e-06	-1.178985e-09	-2.795044e-09	-6.173545e+00	-8.299862e+02
1.720000e-06	-1.086650e-09	-2.760346e-09	-5.690004e+00	-8.196506e+02
1.730000e-06	-9.942329e-10	-2.724634e-09	-5.206017e+00	-8.090260e+02
1.740000e-06	-9.017377e-10	-2.687718e-09	-4.721592e+00	-7.980588e+02
1.750000e-06	-8.091750e-10	-2.649902e-09	-4.236817e+00	-7.868238e+02
1.760000e-06	-7.165608e-10	-2.611802e-09	-3.751731e+00	-7.754925e+02
1.770000e-06	-6.238910e-10	-2.573293e-09	-3.266325e+00	-7.640270e+02
1.780000e-06	-5.311530e-10	-2.533545e-09	-2.780611e+00	-7.522016e+02
1.790000e-06	-4.383551e-10	-2.492279e-09	-2.294614e+00	-7.399447e+02
1.800000e-06	-3.455249e-10	-2.449898e-09	-1.808434e+00	-7.273395e+02
1.810000e-06	-2.526697e-10	-2.406987e-09	-1.322124e+00	-7.145469e+02
1.820000e-06	-1.598013e-10	-2.363707e-09	-8.357451e-01	-7.016475e+02
1.830000e-06	-6.697316e-11	-2.319785e-09	-3.495808e-01	-6.885830e+02
1.840000e-06	2.580387e-11	-2.274738e-09	1.363019e-01	-6.752097e+02
1.850000e-06	1.185650e-10	-2.228796e-09	6.221244e-01	-6.615610e+02
1.860000e-06	2.113131e-10	-2.182315e-09	1.107904e+00	-6.477137e+02
1.870000e-06	3.040476e-10	-2.134912e-09	1.593616e+00	-6.335694e+02
1.880000e-06	3.967820e-10	-2.086376e-09	2.079293e+00	-6.190931e+02
1.890000e-06	4.895147e-10	-2.036389e-09	2.564935e+00	-6.041960e+02
1.900000e-06	5.822238e-10	-1.984614e-09	3.050485e+00	-5.887692e+02
1.910000e-06	6.749065e-10	-1.931501e-09	3.535904e+00	-5.729308e+02
1.920000e-06	7.675694e-10	-1.877199e-09	4.021247e+00	-5.567269e+02
1.930000e-06	8.602003e-10	-1.821341e-09	4.506489e+00	-5.400755e+02
1.940000e-06	9.527756e-10	-1.763721e-09	4.991405e+00	-5.229063e+02
1.950000e-06	1.045286e-09	-1.704389e-09	5.475926e+00	-5.052150e+02
1.960000e-06	1.137707e-09	-1.643556e-09	5.959972e+00	-4.870669e+02
1.970000e-06	1.230008e-09	-1.581342e-09	6.443368e+00	-4.684860e+02
1.980000e-06	1.322200e-09	-1.517627e-09	6.926123e+00	-4.494434e+02
1.990000e-06	1.414278e-09	-1.451966e-09	7.408260e+00	-4.298301e+02
2.000000e-06	1.506235e-09	-1.384082e-09	7.889759e+00	-4.095531e+02
2.010000e-06	1.598077e-09	-1.313996e-09	8.370614e+00	-3.886042e+02
2.020000e-06	1.689810e-09	-1.241634e-09	8.850833e+00	-3.669769e+02
2.030000e-06	1.781439e-09	-1.166797e-09	9.330536e+00	-3.446069e+02
2.040000e-06	1.872943e-09	-1.089187e-09	9.809615e+00	-3.213972e+02
2.050000e-06	1.964314e-09	-1.008491e-09	1.028799e+01	-2.972725e+02
2.060000e-06	2.055522e-09	-9.246226e-10	1.076549e+01	-2.722013e+02
2.070000e-06	2.146536e-09	-8.379493e-10	1.124195e+01	-2.462765e+02
2.080000e-06	2.237356e-09	-7.487552e-10	1.171741e+01	-2.195788e+02
2.090000e-06	2.327974e-09	-6.566589e-10	1.219186e+01	-1.920010e+02
2.100000e-06	2.418405e-09	-5.611864e-10	1.266536e+01	-1.634272e+02
2.110000e-06	2.508623e-09	-4.626798e-10	1.313772e+01	-1.339664e+02
2.120000e-06	2.598608e-09	-3.617256e-10	1.360884e+01	-1.037833e+02
2.130000e-06	2.688388e-09	-2.584921e-10	1.407890e+01	-7.291837e+01
2.140000e-06	2.777962e-09	-1.530858e-10	1.454790e+01	-4.140584e+01
2.150000e-06	2.867339e-09	-4.523410e-11	1.501587e+01	-9.169832e+00
2.160000e-06	2.956557e-09	6.502995e-11	1.548301e+01	2.379370e+01
2.170000e-06	3.045626e-09	1.768428e-10	1.594938e+01	5.722502e+01
2.180000e-06	3.134503e-09	2.895311e-10	1.641478e+01	9.090258e+01
2.190000e-06	3.223152e-09	4.028148e-10	1.687901e+01	1.247216e+02
2.200000e-06	3.311544e-09	5.163281e-10	1.734182e+01	1.585640e+02
2.210000e-06	3.399646e-09	6.295768e-10	1.780309e+01	1.923001e+02
2.220000e-06	3.487452e-09	7.421096e-10	1.826283e+01	2.258109e+02
2.230000e-06	3.574952e-09	8.536783e-10	1.872101e+01	2.590319e+02
2.240000e-06	3.662160e-09	9.642076e-10	1.917772e+01	2.919357e+02
2.250000e-06	3.749089e-09	1.073174e-09	1.963299e+01	3.243528e+02
2.260000e-06	3.835765e-09	1.179973e-09	2.008695e+01	3.561040e+02
2.270000e-06	3.922211e-09	1.284402e-09	2.053970e+01	3.871341e+02
2.280000e-06	4.008405e-09	1.386327e-09	2.099110e+01	4.174062e+02
2.290000e-06	4.094342e-09	1.486165e-09	2.144117e+01	4.470286e+02
2.300000e-06	4.180021e-09	1.584093e-09	2.188991e+01	4.760601e+02
2.310000e-06	4.265442e-09	1.679419e-09	2.233724e+01	5.043309e+02
2.320000e-06	4.350608e-09	1.771890e-09	2.278325e+01	5.317696e+02
2.330000e-06	4.435507e-09	1.862067e-09	2.322792e+01	5.585148e+02
2.340000e-06	4.520132e-09	1.950181e-09	2.367112e+01	5.846196e+02
2.350000e-06	4.604483e-09	2.035836e-09	2.411285e+01	6.099719e+02
2.360000e-06	4.688538e-09	2.118467e-09	2.455307e+01	6.344150e+02
2.370000e-06	4.772263e-09	2.197895e-09	2.499159e+01	6.579087e+02
2.380000e-06	4.855644e-09	2.274660e-09	2.542824e+01	6.806213e+02
2.390000e-06	4.938673e-09	2.349373e-09	2.586300e+01	7.027318e+02
2.400000e-06	5.021356e-09	2.422136e-09	2.629598e+01	7.242729e+02
2.410000e-06	5.103713e-09	2.492563e-09	2.672728e+01	7.451155e+02
2.420000e-06	5.185763e-09	2.560492e-09	2.715700e+01	7.652098e+02
2.430000e-06	5.267519e-09	2.626254e-09	2.758515e+01	7.846655e+02
2.440000e-06	5.348936e-09	2.690199e-09	2.801151e+01	8.035706e+02
2.450000e-06	5.429972e-09	2.752570e-09	2.843582e+01	8.219973e+02
2.460000e-06	5.510612e-09	2.813347e-09	2.885800e+01	8.399407e+02
2.470000e-06	5.590823e-09	2.872389e-09	2.927793e+01	8.573449e+02
2.480000e-06	5.670597e-09	2.929640e-09	2.969553e+01	8.742113e+02
2.490000e-06	5.749914e-09	2.984827e-09	3.011082e+01	8.904933e+02
2.500000e-06	5.828795e-09	3.037588e-09	3.052385e+01	9.060959e+02
2.510000e-06	5.907255e-09	3.087958e-09	3.093462e+01	9.210108e+02
2.520000e-06	5.985234e-09	3.136436e-09	3.134288e+01	9.353597e+02
2.530000e-06	6.062691e-09	3.183965e-09	3.174843e+01	9.493987e+02
2.540000e-06	6.139695e-09	3.231090e-09	3.215164e+01	9.632887e+02
2.550000e-06	6.216288e-09	3.277519e-09	3.255266e+01	9.769670e+02
2.560000e-06	6.292447e-09	3.322712e-09	3.295136e+01	9.902836e+02
2.570000e-06	6.368110e-09	3.366015e-09	3.334749e+01	1.003056e+03
2.580000e-06	6.443202e-09	3.407312e-09	3.374060e+01	1.015243e+03
2.590000e-06	6.517730e-09	3.447332e-09	3.413070e+01	1.027047e+03
2.600000e-06	6.591711e-09	3.486463e-09	3.451795e+01	1.038587e+03
2.610000e-06	6.665159e-09	3.524169e-09	3.490242e+01	1.049716e+03
2.620000e-06	6.738085e-09	3.560642e-09	3.528411e+01	1.060480e+03
2.630000e-06	6.810458e-09	3.596685e-09	3.566295e+01	1.071096e+03
2.640000e-06	6.882253e-09	3.631759e-09	3.603891e+01	1.081433e+03
2.650000e-06	6.953510e-09	3.666008e-09	3.641211e+01	1.091524e+03
2.660000e-06	7.024278e-09	3.699969e-09	3.678271e+01	1.101528e+03
2.670000e-06	7.094586e-09	3.732535e-09	3.715083e+01	1.111144e+03
2.680000e-06	7.164416e-09	3.763608e-09	3.751642e+01	1.120322e+03
2.690000e-06	7.233737e-09	3.794100e-09	3.787935e+01	1.129315e+03
2.700000e-06	7.302587e-09	3.824172e-09	3.823983e+01	1.138169e+03
2.710000e-06	7.371009e-09	3.853332e-09	3.859810e+01	1.146753e+03
2.720000e-06	7.438985e-09	3.881603e-09	3.895408e+01	1.155065e+03
2.730000e-06	7.506453e-09	3.909402e-09	3.930740e+01	1.163221e+03
2.740000e-06	7.573358e-09	3.936911e-09	3.965770e+01	1.171283e+03
2.750000e-06	7.639655e-09	3.963723e-09	4.000472e+01	1.179152e+03
2.760000e-06	7.705330e-09	3.988803e-09	4.034844e+01	1.186551e+03
2.770000e-06	7.770371e-09	4.012170e-09	4.068888e+01	1.193455e+03
2.780000e-06	7.834770e-09	4.034465e-09	4.102606e+01	1.200024e+03
2.790000e-06	7.898572e-09	4.056188e-09	4.136015e+01	1.206410e+03
2.800000e-06	7.961829e-09	4.078111e-09	4.169137e+01	1.212853e+03
2.810000e-06	8.024575e-09	4.100759e-09	4.201996e+01	1.219512e+03
2.820000e-06	8.086837e-09	4.123480e-09	4.234597e+01	1.226198e+03
2.830000e-06	8.148592e-09	4.145171e-09	4.266931e+01	1.232569e+03
2.840000e-06	8.209816e-09	4.165620e-09	4.298993e+01	1.238566e+03
2.850000e-06	8.270548e-09	4.185015e-09	4.330799e+01	1.244267e+03
2.860000e-06	8.330818e-09	4.203634e-09	4.362363e+01	1.249744e+03
2.870000e-06	8.390594e-09	4.221997e-09	4.393664e+01	1.255139e+03
2.880000e-06	8.449770e-09	4.240097e-09	4.424644e+01	1.260465e+03
2.890000e-06	8.508238e-09	4.258081e-09	4.455246e+01	1.265769e+03
2.900000e-06	8.565954e-09	4.276313e-09	4.485452e+01	1.271147e+03
2.910000e-06	8.622907e-09	4.294223e-09	4.515265e+01	1.276424e+03
2.920000e-06	8.679146e-09	4.311002e-09	4.544705e+01	1.281346e+03
2.930000e-06	8.734755e-09	4.326672e-09	4.573820e+01	1.285922e+03
2.940000e-06	8.789783e-09	4.341798e-09	4.602639e+01	1.290348e+03
2.950000e-06	8.844250e-09	4.356685e-09	4.631162e+01	1.294721e+03
2.960000e-06	8.898140e-09	4.371336e-09	4.659378e+01	1.299042e+03
2.970000e-06	8.951435e-09	4.385690e-09	4.687282e+01	1.303280e+03
2.980000e-06	9.004109e-09	4.399560e-09	4.714862e+01	1.307350e+03
2.990000e-06	9.056122e-09	4.412773e-09	4.742093e+01	1.311217e+03
3.000000e-06	9.107381e-09	4.425593e-09	4.768923e+01	1.314962e+03
3.010000e-06	9.157757e-09	4.438278e-09	4.795289e+01	1.318665e+03
3.020000e-06	9.207233e-09	4.450694e-09	4.821191e+01	1.322301e+03
3.030000e-06	9.255885e-09	4.462651e-09	4.846664e+01	1.325812e+03
3.040000e-06	9.303806e-09	4.474003e-09	4.871759e+01	1.329153e+03
3.050000e-06	9.351081e-09	4.484800e-09	4.896521e+01	1.332346e+03
3.060000e-06	9.397744e-09	4.495286e-09	4.920962e+01	1.335445e+03
3.070000e-06	9.443758e-09	4.505800e-09	4.945066e+01	1.338512e+03
3.080000e-06	9.489085e-09	4.516211e-09	4.968810e+01	1.341533e+03
3.090000e-06	9.533773e-09	4.526205e-09	4.992223e+01	1.344446e+03
3.100000e-06	9.577918e-09	4.536146e-09	5.015355e+01	1.347357e+03
3.110000e-06	9.621552e-09	4.546103e-09	5.038219e+01	1.350310e+03
3.120000e-06	9.664606e-09	4.555726e-09	5.060767e+01	1.353180e+03
3.130000e-06	9.706907e-09	4.564941e-09	5.082909e+01	1.355911e+03
3.140000e-06	9.748303e-09	4.573791e-09	5.104580e+01	1.358521e+03
3.150000e-06	9.788838e-09	4.582426e-09	5.125809e+01	1.361050e+03
3.160000e-06	9.828659e-09	4.591024e-09	5.146674e+01	1.363558e+03
3.170000e-06	9.867855e-09	4.599729e-09	5.167212e+01	1.366100e+03
3.180000e-06	9.906418e-09	4.608590e-09	5.187415e+01	1.368702e+03
3.190000e-06	9.944282e-09	4.617300e-09	5.207251e+01	1.371279e+03
3.200000e-06	9.981429e-09	4.625454e-09	5.226709e+01	1.373704e+03
3.210000e-06	1.001791e-08	4.632978e-09	5.245823e+01	1.375948e+03
3.220000e-06	1.005381e-08	4.640348e-09	5.264634e+01	1.378138e+03
3.230000e-06	1.008915e-08	4.647905e-09	5.283141e+01	1.380354e+03
3.240000e-06	1.012376e-08	4.655280e-09	5.301254e+01	1.382509e+03
3.250000e-06	1.015743e-08	4.662386e-09	5.318879e+01	1.384595e+03
3.260000e-06	1.019018e-08	4.669438e-09	5.336026e+01	1.386676e+03
3.270000e-06	1.022218e-08	4.676297e-09	5.352788e+01	1.388704e+03
3.280000e-06	1.025355e-08	4.683025e-09	5.369224e+01	1.390687e+03
3.290000e-06	1.028428e-08	4.689528e-09	5.385324e+01	1.392612e+03
3.300000e-06	1.031432e-08	4.695661e-09	5.401060e+01	1.394434e+03
3.310000e-06	1.034363e-08	4.701919e-09	5.416414e+01	1.396279e+03
3.320000e-06	1.037222e-08	4.708353e-09	5.431395e+01	1.398169e+03
3.330000e-06	1.040021e-08	4.714582e-09	5.446062e+01	1.399994e+03
3.340000e-06	1.042764e-08	4.720529e-09	5.460429e+01	1.401741e+03
3.350000e-06	1.045430e-08	4.725895e-09	5.474381e+01	1.403335e+03
3.360000e-06	1.047993e-08	4.730783e-09	5.487796e+01	1.404788e+03
3.370000e-06	1.050455e-08	4.735952e-09	5.500684e+01	1.406305e+03
3.380000e-06	1.052838e-08	4.741496e-09	5.513156e+01	1.407930e+03
3.390000e-06	1.055151e-08	4.747013e-09	5.525272e+01	1.409552e+03
3.400000e-06	1.057396e-08	4.752178e-09	5.537026e+01	1.411077e+03
3.410000e-06	1.059571e-08	4.756867e-09	5.548416e+01	1.412476e+03
3.420000e-06	1.061673e-08	4.761341e-09	5.559426e+01	1.413810e+03
3.430000e-06	1.063706e-08	4.765555e-09	5.570075e+01	1.415050e+03
3.440000e-06	1.065683e-08	4.769285e-09	5.580432e+01	1.416141e+03
3.450000e-06	1.067602e-08	4.772920e-09	5.590486e+01	1.417200e+03
3.460000e-06	1.069445e-08	4.776776e-09	5.600136e+01	1.418322e+03
3.470000e-06	1.071202e-08	4.780659e-09	5.609337e+01	1.419454e+03
3.480000e-06	1.072885e-08	4.784302e-09	5.618142e+01	1.420528e+03
3.490000e-06	1.074494e-08	4.787625e-09	5.626554e+01	1.421523e+03
3.500000e-06	1.076016e-08	4.790652e-09	5.634513e+01	1.422439e+03
3.510000e-06	1.077447e-08	4.793449e-09	5.642004e+01	1.423271e+03
3.520000e-06	1.078797e-08	4.796228e-09	5.649070e+01	1.424078e+03
3.530000e-06	1.080071e-08	4.798994e-09	5.655744e+01	1.424878e+03
3.540000e-06	1.081270e-08	4.801578e-09	5.662025e+01	1.425620e+03
3.550000e-06	1.082389e-08	4.803724e-09	5.667881e+01	1.426244e+03
3.560000e-06	1.083408e-08	4.805356e-09	5.673203e+01	1.426743e+03
3.570000e-06	1.084314e-08	4.806846e-09	5.677941e+01	1.427191e+03
3.580000e-06	1.085129e-08	4.808322e-09	5.682207e+01	1.427622e+03
3.590000e-06	1.085878e-08	4.809714e-09	5.686130e+01	1.428023e+03
3.600000e-06	1.086560e-08	4.811030e-09	5.689701e+01	1.428399e+03
3.610000e-06	1.087166e-08	4.812373e-09	5.692873e+01	1.428802e+03
3.620000e-06	1.087694e-08	4.813731e-09	5.695634e+01	1.429223e+03
3.630000e-06	1.088146e-08	4.814784e-09	5.698001e+01	1.429541e+03
3.640000e-06	1.088537e-08	4.815389e-09	5.700049e+01	1.429707e+03
3.650000e-06	1.088872e-08	4.815558e-09	5.701803e+01	1.429743e+03
3.660000e-06	1.089125e-08	4.815590e-09	5.703128e+01	1.429743e+03
3.670000e-06	1.089270e-08	4.815933e-09	5.703896e+01	1.429844e+03
3.680000e-06	1.089318e-08	4.816408e-09	5.704150e+01	1.429996e+03
3.690000e-06	1.089294e-08	4.816496e-09	5.704028e+01	1.430040e+03
3.700000e-06	1.089209e-08	4.816286e-09	5.703585e+01	1.430001e+03
3.710000e-06	1.089054e-08	4.815964e-09	5.702781e+01	1.429925e+03
3.720000e-06	1.088831e-08	4.815630e-09	5.701614e+01	1.429826e+03
3.730000e-06	1.088538e-08	4.815453e-09	5.700080e+01	1.429765e+03
3.740000e-06	1.088176e-08	4.814744e-09	5.698189e+01	1.429549e+03
3.750000e-06	1.087761e-08	4.813594e-09	5.696019e+01	1.429209e+03
3.760000e-06	1.087296e-08	4.813847e-09	5.693580e+01	1.429290e+03
3.770000e-06	1.086754e-08	4.813078e-09	5.690743e+01	1.429113e+03
3.780000e-06	1.086105e-08	4.808975e-09	5.687343e+01	1.427897e+03
3.790000e-06	1.085330e-08	4.810146e-09	5.683283e+01	1.428291e+03
3.800000e-06	1.084419e-08	4.817684e-09	5.678514e+01	1.430557e+03
3.810000e-06	1.083392e-08	4.814816e-09	5.673137e+01	1.429635e+03
3.820000e-06	1.082321e-08	4.796659e-09	5.667518e+01	1.423964e+03
3.830000e-06	1.081245e-08	4.786505e-09	5.661884e+01	1.420817e+03
3.840000e-06	1.080113e-08	4.801829e-09	5.655965e+01	1.425712e+03
3.850000e-06	1.078864e-08	4.805458e-09	5.649430e+01	1.427103e+03
3.860000e-06	1.077521e-08	4.779354e-09	5.642405e+01	1.419099e+03
3.870000e-06	1.076123e-08	4.776011e-09	5.635087e+01	1.417733e+03
3.880000e-06	1.074634e-08	4.803450e-09	5.627296e+01	1.426052e+03
3.890000e-06	1.073036e-08	4.806292e-09	5.618927e+01	1.426778e+03
3.900000e-06	1.071372e-08	4.784916e-09	5.610200e+01	1.420130e+03
3.910000e-06	1.069652e-08	4.788352e-09	5.601192e+01	1.421544e+03
3.920000e-06	1.067848e-08	4.795099e-09	5.591747e+01	1.424151e+03
3.930000e-06	1.065960e-08	4.774275e-09	5.581863e+01	1.417567e+03
3.940000e-06	1.064011e-08	4.772480e-09	5.571655e+01	1.416474e+03
3.950000e-06	1.061991e-08	4.799989e-09	5.561084e+01	1.425021e+03
3.960000e-06	1.059884e-08	4.802232e-09	5.550057e+01	1.425509e+03
3.970000e-06	1.057684e-08	4.789505e-09	5.538548e+01	1.421013e+03
3.980000e-06	1.055391e-08	4.804954e-09	5.526553e+01	1.426010e+03
3.990000e-06	1.053016e-08	4.808077e-09	5.514116e+01	1.427541e+03
4.000000e-06	1.050576e-08	4.780377e-09	5.501331e+01	1.419001e+03
4.010000e-06	1.048069e-08	4.778409e-09	5.488201e+01	1.418625e+03
4.020000e-06	1.045487e-08	4.788516e-09	5.474678e+01	1.422494e+03
4.030000e-06	1.042831e-08	4.768989e-09	5.460768e+01	1.416344e+03
4.040000e-06	1.040104e-08	4.765580e-09	5.446486e+01	1.414733e+03
4.050000e-06	1.037315e-08	4.785940e-09	5.431874e+01	1.421412e+03
4.060000e-06	1.034470e-08	4.776724e-09	5.416978e+01	1.418392e+03
4.070000e-06	1.031551e-08	4.771164e-09	5.401695e+01	1.415791e+03
4.080000e-06	1.028529e-08	4.793271e-09	5.385875e+01	1.422930e+03
4.090000e-06	1.025406e-08	4.786306e-09	5.369523e+01	1.420919e+03
4.100000e-06	1.022197e-08	4.774481e-09	5.352714e+01	1.416457e+03
4.110000e-06	1.018913e-08	4.788265e-09	5.335512e+01	1.421158e+03
4.120000e-06	1.015565e-08	4.776842e-09	5.317978e+01	1.418026e+03
4.130000e-06	1.012155e-08	4.761966e-09	5.300125e+01	1.412645e+03
4.140000e-06	1.008679e-08	4.773237e-09	5.281925e+01	1.416394e+03
4.150000e-06	1.005142e-08	4.767509e-09	5.263399e+01	1.415082e+03
4.160000e-06	1.001547e-08	4.756161e-09	5.244571e+01	1.411110e+03
4.170000e-06	9.978889e-09	4.762408e-09	5.225410e+01	1.413193e+03
4.180000e-06	9.941522e-09	4.755014e-09	5.205849e+01	1.411291e+03
4.190000e-06	9.903239e-09	4.742692e-09	5.185814e+01	1.407314e+03
4.200000e-06	9.864030e-09	4.744486e-09	5.165282e+01	1.407903e+03
4.210000e-06	9.824044e-09	4.737754e-09	5.144334e+01	1.405981e+03
4.220000e-06	9.783420e-09	4.725863e-09	5.123057e+01	1.402354e+03
4.230000e-06	9.742149e-09	4.725920e-09	5.101441e+01	1.402458e+03
4.240000e-06	9.700161e-09	4.724075e-09	5.079449e+01	1.401866e+03
4.250000e-06	9.657439e-09	4.714692e-09	5.057073e+01	1.399055e+03
4.260000e-06	9.614063e-09	4.708415e-09	5.034352e+01	1.397326e+03
4.270000e-06	9.570155e-09	4.702403e-09	5.011349e+01	1.395511e+03
4.280000e-06	9.525756e-09	4.692214e-09	4.988089e+01	1.392467e+03
4.290000e-06	9.480809e-09	4.685051e-09	4.964543e+01	1.390388e+03
4.300000e-06	9.435209e-09	4.681470e-09	4.940660e+01	1.389288e+03
4.310000e-06	9.388894e-09	4.674830e-09	4.916410e+01	1.387314e+03
4.320000e-06	9.341886e-09	4.666736e-09	4.891795e+01	1.384969e+03
4.330000e-06	9.294237e-09	4.660301e-09	4.866836e+01	1.383065e+03
4.340000e-06	9.245871e-09	4.653370e-09	4.841506e+01	1.380962e+03
4.350000e-06	9.196692e-09	4.645571e-09	4.815758e+01	1.378634e+03
4.360000e-06	9.146751e-09	4.637267e-09	4.789604e+01	1.376223e+03
4.370000e-06	9.096117e-09	4.628751e-09	4.763082e+01	1.373719e+03
4.380000e-06	9.044792e-09	4.621563e-09	4.736202e+01	1.371588e+03
4.390000e-06	8.992740e-09	4.614376e-09	4.708943e+01	1.369464e+03
4.400000e-06	8.939896e-09	4.606730e-09	4.681275e+01	1.367168e+03
4.410000e-06	8.886217e-09	4.599367e-09	4.653177e+01	1.364985e+03
4.420000e-06	8.831719e-09	4.589712e-09	4.624648e+01	1.362165e+03
4.430000e-06	8.776498e-09	4.579353e-09	4.595732e+01	1.359099e+03
4.440000e-06	8.720664e-09	4.572071e-09	4.566485e+01	1.356943e+03
4.450000e-06	8.664245e-09	4.564860e-09	4.536929e+01	1.354818e+03
4.460000e-06	8.607245e-09	4.555563e-09	4.507073e+01	1.352056e+03
4.470000e-06	8.549650e-09	4.546600e-09	4.476910e+01	1.349414e+03
4.480000e-06	8.491443e-09	4.538570e-09	4.446426e+01	1.347039e+03
4.490000e-06	8.432628e-09	4.529192e-09	4.415623e+01	1.344247e+03
4.500000e-06	8.373248e-09	4.518958e-09	4.384520e+01	1.341231e+03
4.510000e-06	8.313316e-09	4.509107e-09	4.353131e+01	1.338355e+03
4.520000e-06	8.252800e-09	4.498360e-09	4.321438e+01	1.335204e+03
4.530000e-06	8.191653e-09	4.487609e-09	4.289420e+01	1.332025e+03
4.540000e-06	8.129847e-09	4.478829e-09	4.257059e+01	1.329410e+03
4.550000e-06	8.067351e-09	4.470186e-09	4.224334e+01	1.326826e+03
4.560000e-06	8.004167e-09	4.459776e-09	4.191245e+01	1.323736e+03
4.570000e-06	7.940373e-09	4.448523e-09	4.157832e+01	1.320440e+03
4.580000e-06	7.876042e-09	4.437349e-09	4.124137e+01	1.317169e+03
4.590000e-06	7.811226e-09	4.426177e-09	4.090185e+01	1.313864e+03
4.600000e-06	7.745915e-09	4.415440e-09	4.055972e+01	1.310668e+03
4.610000e-06	7.680063e-09	4.404757e-09	4.021478e+01	1.307501e+03
4.620000e-06	7.613662e-09	4.393208e-09	3.986696e+01	1.304084e+03
4.630000e-06	7.546745e-09	4.381846e-09	3.951641e+01	1.300717e+03
4.640000e-06	7.479359e-09	4.371314e-09	3.916342e+01	1.297596e+03
4.650000e-06	7.411500e-09	4.360200e-09	3.880798e+01	1.294308e+03
4.660000e-06	7.343128e-09	4.348095e-09	3.844987e+01	1.290729e+03
4.670000e-06	7.274203e-09	4.335538e-09	3.808893e+01	1.287023e+03
4.680000e-06	7.204698e-09	4.322745e-09	3.772503e+01	1.283244e+03
4.690000e-06	7.134619e-09	4.310453e-09	3.735815e+01	1.279584e+03
4.700000e-06	7.063975e-09	4.298473e-09	3.698830e+01	1.276014e+03
4.710000e-06	6.992789e-09	4.285808e-09	3.661556e+01	1.272269e+03
4.720000e-06	6.921093e-09	4.272166e-09	3.624011e+01	1.268253e+03
4.730000e-06	6.848908e-09	4.258525e-09	3.586211e+01	1.264229e+03
4.740000e-06	6.776260e-09	4.245830e-09	3.548167e+01	1.260462e+03
4.750000e-06	6.703162e-09	4.233645e-09	3.509884e+01	1.256832e+03
4.760000e-06	6.629620e-09	4.220501e-09	3.471371e+01	1.252938e+03
4.770000e-06	6.555620e-09	4.205936e-09	3.432622e+01	1.248650e+03
4.780000e-06	6.481148e-09	4.191056e-09	3.393621e+01	1.244259e+03
4.790000e-06	6.406214e-09	4.176666e-09	3.354378e+01	1.239987e+03
4.800000e-06	6.330825e-09	4.162423e-09	3.314902e+01	1.235755e+03
4.810000e-06	6.254958e-09	4.147728e-09	3.275183e+01	1.231399e+03
4.820000e-06	6.178576e-09	4.132505e-09	3.235203e+01	1.226897e+03
4.830000e-06	6.101673e-09	4.117342e-09	3.194958e+01	1.222418e+03
4.840000e-06	6.024236e-09	4.102595e-09	3.154433e+01	1.218043e+03
4.850000e-06	5.946288e-09	4.087647e-09	3.113633e+01	1.213601e+03
4.860000e-06	5.867883e-09	4.071647e-09	3.072588e+01	1.208865e+03
4.870000e-06	5.789034e-09	4.054854e-09	3.031307e+01	1.203893e+03
4.880000e-06	5.709716e-09	4.038348e-09	2.989783e+01	1.199002e+03
4.890000e-06	5.629896e-09	4.022593e-09	2.947998e+01	1.194331e+03
4.900000e-06	5.549613e-09	4.007028e-09	2.905965e+01	1.189704e+03
4.910000e-06	5.468913e-09	3.990678e-09	2.863701e+01	1.184855e+03
4.920000e-06	5.387843e-09	3.973340e-09	2.821237e+01	1.179735e+03
4.930000e-06	5.306456e-09	3.955898e-09	2.778610e+01	1.174582e+03
4.940000e-06	5.224739e-09	3.939021e-09	2.735819e+01	1.169576e+03
4.950000e-06	5.142693e-09	3.922134e-09	2.692855e+01	1.164552e+03
4.960000e-06	5.060323e-09	3.904420e-09	2.649716e+01	1.159285e+03
4.970000e-06	4.977640e-09	3.885838e-09	2.606409e+01	1.153782e+03
4.980000e-06	4.894659e-09	3.866840e-09	2.562948e+01	1.148175e+03
4.990000e-06	4.811378e-09	3.847915e-09	2.519340e+01	1.142571e+03
5.000000e-06	4.727807e-09	3.829356e-09	2.475579e+01	1.137055e+03
5.010000e-06	4.643939e-09	3.810691e-09	2.431661e+01	1.131523e+03
5.020000e-06	4.559749e-09	3.791519e-09	2.387578e+01	1.125852e+03
5.030000e-06	4.475208e-09	3.772100e-09	2.343313e+01	1.120106e+03
5.040000e-06	4.390295e-09	3.752461e-09	2.298855e+01	1.114286e+03
5.050000e-06	4.305005e-09	3.732550e-09	2.254195e+01	1.108358e+03
5.060000e-06	4.219360e-09	3.712398e-09	2.209346e+01	1.102361e+03
5.070000e-06	4.133408e-09	3.691691e-09	2.164334e+01	1.096229e+03
5.080000e-06	4.047167e-09	3.670276e-09	2.119168e+01	1.089909e+03
5.090000e-06	3.960635e-09	3.648439e-09	2.073855e+01	1.083460e+03
5.100000e-06	3.873831e-09	3.626643e-09	2.028409e+01	1.076997e+03
5.110000e-06	3.786745e-09	3.604886e-09	1.982818e+01	1.070538e+03
5.120000e-06	3.699353e-09	3.582653e-09	1.937067e+01	1.063933e+03
5.130000e-06	3.611671e-09	3.559618e-09	1.891162e+01	1.057091e+03
5.140000e-06	3.523704e-09	3.536046e-09	1.845107e+01	1.050103e+03
5.150000e-06	3.435453e-09	3.512393e-09	1.798900e+01	1.043085e+03
5.160000e-06	3.346935e-09	3.488656e-09	1.752544e+01	1.036039e+03
5.170000e-06	3.258181e-09	3.464495e-09	1.706060e+01	1.028873e+03
5.180000e-06	3.169205e-09	3.439652e-09	1.659457e+01	1.021515e+03
5.190000e-06	3.079988e-09	3.414154e-09	1.612730e+01	1.013963e+03
5.200000e-06	2.990563e-09	3.388167e-09	1.565893e+01	1.006236e+03
5.210000e-06	2.900981e-09	3.362030e-09	1.518970e+01	9.984418e+02
5.220000e-06	2.811246e-09	3.335720e-09	1.471972e+01	9.906038e+02
5.230000e-06	2.721362e-09	3.308830e-09	1.424900e+01	9.826155e+02
5.240000e-06	2.631353e-09	3.281269e-09	1.377760e+01	9.744392e+02
5.250000e-06	2.541194e-09	3.253238e-09	1.330543e+01	9.661226e+02
5.260000e-06	2.450870e-09	3.224868e-09	1.283237e+01	9.577107e+02
5.270000e-06	2.360406e-09	3.196057e-09	1.235857e+01	9.491738e+02
5.280000e-06	2.269786e-09	3.166993e-09	1.188400e+01	9.405613e+02
5.290000e-06	2.179002e-09	3.137865e-09	1.140860e+01	9.319082e+02
5.300000e-06	2.088075e-09	3.108277e-09	1.093242e+01	9.230927e+02
5.310000e-06	1.996999e-09	3.078094e-09	1.045541e+01	9.140928e+02
5.320000e-06	1.905776e-09	3.047272e-09	9.977629e+00	9.049165e+02
5.330000e-06	1.814414e-09	3.015696e-09	9.499086e+00	8.955373e+02
5.340000e-06	1.722922e-09	2.983527e-09	9.019900e+00	8.860000e+02
5.350000e-06	1.631312e-09	2.951102e-09	8.540191e+00	8.763838e+02
5.360000e-06	1.539610e-09	2.918497e-09	8.060016e+00	8.667069e+02
5.370000e-06	1.447834e-09	2.885654e-09	7.579410e+00	8.569570e+02
5.380000e-06	1.355993e-09	2.852587e-09	7.098442e+00	8.471331e+02
5.390000e-06	1.264085e-09	2.818841e-09	6.617181e+00	8.370941e+02
5.400000e-06	1.172086e-09	2.784160e-09	6.135519e+00	8.267678e+02
5.410000e-06	1.079995e-09	2.748898e-09	5.653379e+00	8.162648e+02
5.420000e-06	9.878029e-10	2.712912e-09	5.170705e+00	8.055610e+02
5.430000e-06	8.955223e-10	2.676200e-09	4.687521e+00	7.946573e+02
5.440000e-06	8.031591e-10	2.638993e-09	4.203873e+00	7.836038e+02
5.450000e-06	7.107174e-10	2.600849e-09	3.719824e+00	7.722647e+02
5.460000e-06	6.182012e-10	2.561638e-09	3.235481e+00	7.605986e+02
5.470000e-06	5.255974e-10	2.521721e-09	2.750704e+00	7.487256e+02
5.480000e-06	4.329472e-10	2.481194e-09	2.265643e+00	7.366790e+02
5.490000e-06	3.402770e-10	2.439986e-09	1.780483e+00	7.244195e+02
5.500000e-06	2.475975e-10	2.397964e-09	1.295273e+00	7.118961e+02
5.510000e-06	1.549369e-10	2.354792e-09	8.101358e-01	6.990196e+02
5.520000e-06	6.231275e-11	2.310588e-09	3.251993e-01	6.858385e+02
5.530000e-06	-3.027761e-11	2.265716e-09	-1.595554e-01	6.724862e+02
5.540000e-06	-1.228513e-10	2.220223e-09	-6.442271e-01	6.589704e+02
5.550000e-06	-2.154054e-10	2.173832e-09	-1.128747e+00	6.451762e+02
5.560000e-06	-3.079409e-10	2.126128e-09	-1.613179e+00	6.309821e+02
5.570000e-06	-4.004871e-10	2.077012e-09	-2.097695e+00	6.163641e+02
5.580000e-06	-4.930363e-10	2.026808e-09	-2.582283e+00	6.014043e+02
5.590000e-06	-5.855731e-10	1.975804e-09	-3.066807e+00	5.861742e+02
5.600000e-06	-6.780885e-10	1.923627e-09	-3.551177e+00	5.705886e+02
5.610000e-06	-7.705505e-10	1.869778e-09	-4.035319e+00	5.545157e+02
5.620000e-06	-8.629435e-10	1.814373e-09	-4.519129e+00	5.379845e+02
5.630000e-06	-9.552499e-10	1.757389e-09	-5.002439e+00	5.210055e+02
5.640000e-06	-1.047446e-09	1.698964e-09	-5.485152e+00	5.035995e+02
5.650000e-06	-1.139531e-09	1.639168e-09	-5.967303e+00	4.857739e+02
5.660000e-06	-1.231502e-09	1.577378e-09	-6.448862e+00	4.673482e+02
5.670000e-06	-1.323332e-09	1.513416e-09	-6.929723e+00	4.482570e+02
5.680000e-06	-1.415031e-09	1.447599e-09	-7.409949e+00	4.285956e+02
5.690000e-06	-1.506639e-09	1.380138e-09	-7.889714e+00	4.084319e+02
5.700000e-06	-1.598158e-09	1.310678e-09	-8.369020e+00	3.876713e+02
5.710000e-06	-1.689584e-09	1.239110e-09	-8.847814e+00	3.662852e+02
5.720000e-06	-1.780915e-09	1.165446e-09	-9.326083e+00	3.442670e+02
5.730000e-06	-1.872124e-09	1.089267e-09	-9.803756e+00	3.215054e+02
5.740000e-06	-1.963202e-09	1.010551e-09	-1.028074e+01	2.979807e+02
5.750000e-06	-2.054149e-09	9.288467e-10	-1.075698e+01	2.735453e+02
5.760000e-06	-2.144972e-09	8.433385e-10	-1.123257e+01	2.479775e+02
5.770000e-06	-2.235657e-09	7.544692e-10	-1.170750e+01	2.213972e+02
5.780000e-06	-2.326174e-09	6.630527e-10	-1.218157e+01	1.940235e+02
5.790000e-06	-2.416521e-09	5.691575e-10	-1.265471e+01	1.658926e+02
5.800000e-06	-2.506689e-09	4.728872e-10	-1.312688e+01	1.370729e+02
5.810000e-06	-2.596679e-09	3.743142e-10	-1.359814e+01	1.075966e+02
5.820000e-06	-2.686508e-09	2.729962e-10	-1.406861e+01	7.731749e+01
5.830000e-06	-2.776160e-09	1.686052e-10	-1.453817e+01	4.612189e+01
5.840000e-06	-2.865649e-09	6.152210e-11	-1.500685e+01	1.411193e+01
5.850000e-06	-2.954995e-09	-4.807764e-11	-1.547476e+01	-1.865612e+01
5.860000e-06	-3.044182e-09	-1.597188e-10	-1.594185e+01	-5.202524e+01
5.870000e-06	-3.133172e-09	-2.721827e-10	-1.640797e+01	-8.562218e+01
5.880000e-06	-3.221955e-09	-3.846859e-10	-1.687298e+01	-1.192018e+02
5.890000e-06	-3.310527e-09	-4.968059e-10	-1.733683e+01	-1.526475e+02
5.900000e-06	-3.398838e-09	-6.089548e-10	-1.779930e+01	-1.860850e+02
5.910000e-06	-3.486884e-09	-7.216088e-10	-1.826033e+01	-2.196401e+02
5.920000e-06	-3.574646e-09	-8.339813e-10	-1.871984e+01	-2.530999e+02
5.930000e-06	-3.662079e-09	-9.449639e-10	-1.917761e+01	-2.861451e+02
5.940000e-06	-3.749193e-09	-1.053934e-09	-1.963367e+01	-3.185725e+02
5.950000e-06	-3.836011e-09	-1.160639e-09	-2.008819e+01	-3.503133e+02
5.960000e-06	-3.922547e-09	-1.265228e-09	-2.054125e+01	-3.814082e+02
5.970000e-06	-4.008828e-09	-1.368047e-09	-2.099301e+01	-4.119478e+02
5.980000e-06	-4.094852e-09	-1.469040e-09	-2.144346e+01	-4.419240e+02
5.990000e-06	-4.180601e-09	-1.567637e-09	-2.189249e+01	-4.711725e+02
6.000000e-06	-4.266064e-09	-1.663749e-09	-2.233998e+01	-4.996885e+02
6.010000e-06	-4.351181e-09	-1.757570e-09	-2.278564e+01	-5.275182e+02
6.020000e-06	-4.435924e-09	-1.848517e-09	-2.322937e+01	-5.544730e+02
6.030000e-06	-4.520293e-09	-1.936396e-09	-2.367113e+01	-5.805115e+02
6.040000e-06	-4.604295e-09	-2.021480e-09	-2.411104e+01	-6.057144e+02
6.050000e-06	-4.687962e-09	-2.104215e-09	-2.454923e+01	-6.302099e+02
6.060000e-06	-4.771309e-09	-2.185053e-09	-2.498573e+01	-6.541387e+02
6.070000e-06	-4.854350e-09	-2.263394e-09	-2.542066e+01	-6.773357e+02
6.080000e-06	-4.937090e-09	-2.338667e-09	-2.585401e+01	-6.996262e+02
6.090000e-06	-5.019522e-09	-2.411457e-09	-2.628572e+01	-7.211780e+02
6.100000e-06	-5.101624e-09	-2.482374e-09	-2.671568e+01	-7.421680e+02
6.110000e-06	-5.183392e-09	-2.551356e-09	-2.714391e+01	-7.625495e+02
6.120000e-06	-5.264835e-09	-2.618006e-09	-2.757046e+01	-7.822256e+02
6.130000e-06	-5.345973e-09	-2.682299e-09	-2.799542e+01	-8.012224e+02
6.140000e-06	-5.426795e-09	-2.744497e-09	-2.841876e+01	-8.196146e+02
6.150000e-06	-5.507256e-09	-2.805236e-09	-2.884018e+01	-8.375829e+02
6.160000e-06	-5.587311e-09	-2.865007e-09	-2.925942e+01	-8.552569e+02
6.170000e-06	-5.666889e-09	-2.923080e-09	-2.967611e+01	-8.724207e+02
6.180000e-06	-5.745975e-09	-2.978813e-09	-3.009016e+01	-8.888755e+02
6.190000e-06	-5.824584e-09	-3.032109e-09	-3.050168e+01	-9.045928e+02
6.200000e-06	-5.902704e-09	-3.083196e-09	-3.091062e+01	-9.196579e+02
6.210000e-06	-5.980332e-09	-3.132750e-09	-3.131698e+01	-9.342752e+02
6.220000e-06	-6.057449e-09	-3.181076e-09	-3.172069e+01	-9.485438e+02
6.230000e-06	-6.134014e-09	-3.227972e-09	-3.212151e+01	-9.623967e+02
6.240000e-06	-6.210043e-09	-3.273568e-09	-3.251953e+01	-9.758667e+02
6.250000e-06	-6.285583e-09	-3.318350e-09	-3.291504e+01	-9.890909e+02
6.260000e-06	-6.360675e-09	-3.362356e-09	-3.330824e+01	-1.002074e+03
6.270000e-06	-6.435333e-09	-3.405055e-09	-3.369920e+01	-1.014667e+03
6.280000e-06	-6.509543e-09	-3.446067e-09	-3.408784e+01	-1.026749e+03
6.290000e-06	-6.583296e-09	-3.485436e-09	-3.447408e+01	-1.038341e+03
6.300000e-06	-6.656622e-09	-3.523609e-09	-3.485814e+01	-1.049581e+03
6.310000e-06	-6.729562e-09	-3.560899e-09	-3.524021e+01	-1.060558e+03
6.320000e-06	-6.802078e-09	-3.597352e-09	-3.562002e+01	-1.071299e+03
6.330000e-06	-6.874119e-09	-3.632866e-09	-3.599731e+01	-1.081771e+03
6.340000e-06	-6.945639e-09	-3.667253e-09	-3.637185e+01	-1.091903e+03
6.350000e-06	-7.016599e-09	-3.700697e-09	-3.674339e+01	-1.101754e+03
6.360000e-06	-7.087005e-09	-3.733028e-09	-3.711199e+01	-1.111285e+03
6.370000e-06	-7.156852e-09	-3.763965e-09	-3.747767e+01	-1.120414e+03
6.380000e-06	-7.226144e-09	-3.794007e-09	-3.784047e+01	-1.129278e+03
6.390000e-06	-7.294884e-09	-3.823744e-09	-3.820046e+01	-1.138038e+03
6.400000e-06	-7.363102e-09	-3.853320e-09	-3.855777e+01	-1.146745e+03
6.410000e-06	-7.430837e-09	-3.882472e-09	-3.891253e+01	-1.155337e+03
6.420000e-06	-7.498114e-09	-3.910663e-09	-3.926488e+01	-1.163647e+03
6.430000e-06	-7.564920e-09	-3.937478e-09	-3.961476e+01	-1.171539e+03
6.440000e-06	-7.631209e-09	-3.963070e-09	-3.996193e+01	-1.179056e+03
6.450000e-06	-7.696968e-09	-3.988084e-09	-4.030636e+01	-1.186398e+03
6.460000e-06	-7.762205e-09	-4.012734e-09	-4.064802e+01	-1.193639e+03
6.470000e-06	-7.826934e-09	-4.036819e-09	-4.098701e+01	-1.200725e+03
6.480000e-06	-7.891139e-09	-4.060130e-09	-4.132326e+01	-1.207578e+03
6.490000e-06	-7.954768e-09	-4.082469e-09	-4.165645e+01	-1.214137e+03
6.500000e-06	-8.017782e-09	-4.104127e-09	-4.198633e+01	-1.220497e+03
6.510000e-06	-8.080140e-09	-4.125119e-09	-4.231277e+01	-1.226670e+03
6.520000e-06	-8.141857e-09	-4.144875e-09	-4.263590e+01	-1.232489e+03
6.530000e-06	-8.202975e-09	-4.163571e-09	-4.295595e+01	-1.237986e+03
6.540000e-06	-8.263505e-09	-4.182108e-09	-4.327298e+01	-1.243422e+03
6.550000e-06	-8.323465e-09	-4.200860e-09	-4.358703e+01	-1.248917e+03
6.560000e-06	-8.382897e-09	-4.219599e-09	-4.389830e+01	-1.254418e+03
6.570000e-06	-8.441792e-09	-4.237888e-09	-4.420671e+01	-1.259814e+03
6.580000e-06	-8.500080e-09	-4.255343e-09	-4.451198e+01	-1.264973e+03
6.590000e-06	-8.557761e-09	-4.272002e-09	-4.481408e+01	-1.269888e+03
6.600000e-06	-8.614874e-09	-4.288237e-09	-4.511319e+01	-1.274669e+03
6.610000e-06	-8.671417e-09	-4.304226e-09	-4.540930e+01	-1.279371e+03
6.620000e-06	-8.727338e-09	-4.320006e-09	-4.570216e+01	-1.284010e+03
6.630000e-06	-8.782572e-09	-4.335693e-09	-4.599139e+01	-1.288625e+03
6.640000e-06	-8.837055e-09	-4.351214e-09	-4.627660e+01	-1.293187e+03
6.650000e-06	-8.890748e-09	-4.366519e-09	-4.655766e+01	-1.297682e+03
6.660000e-06	-8.943662e-09	-4.381511e-09	-4.683469e+01	-1.302096e+03
6.670000e-06	-8.995845e-09	-4.395911e-09	-4.710790e+01	-1.306346e+03
6.680000e-06	-9.047345e-09	-4.409617e-09	-4.737759e+01	-1.310386e+03
6.690000e-06	-9.098180e-09	-4.422872e-09	-4.764376e+01	-1.314286e+03
6.700000e-06	-9.148286e-09	-4.435823e-09	-4.790607e+01	-1.318087e+03
6.710000e-06	-9.197541e-09	-4.448609e-09	-4.816386e+01	-1.321847e+03
6.720000e-06	-9.245914e-09	-4.461430e-09	-4.841704e+01	-1.325617e+03
6.730000e-06	-9.293475e-09	-4.473984e-09	-4.866599e+01	-1.329298e+03
6.740000e-06	-9.340321e-09	-4.485899e-09	-4.891128e+01	-1.332787e+03
6.750000e-06	-9.386564e-09	-4.497324e-09	-4.915353e+01	-1.336124e+03
6.760000e-06	-9.432242e-09	-4.508357e-09	-4.939278e+01	-1.339362e+03
6.770000e-06	-9.477357e-09	-4.519019e-09	-4.962907e+01	-1.342510e+03
6.780000e-06	-9.521941e-09	-4.529290e-09	-4.986259e+01	-1.345533e+03
6.790000e-06	-9.565991e-09	-4.538883e-09	-5.009335e+01	-1.348351e+03
6.800000e-06	-9.609494e-09	-4.548056e-09	-5.032126e+01	-1.351051e+03
6.810000e-06	-9.652416e-09	-4.557401e-09	-5.054611e+01	-1.353801e+03
6.820000e-06	-9.694689e-09	-4.566882e-09	-5.076753e+01	-1.356590e+03
6.830000e-06	-9.736286e-09	-4.575964e-09	-5.098540e+01	-1.359251e+03
6.840000e-06	-9.777264e-09	-4.584336e-09	-5.120003e+01	-1.361700e+03
6.850000e-06	-9.817665e-09	-4.592275e-09	-5.141164e+01	-1.364027e+03
6.860000e-06	-9.857452e-09	-4.600224e-09	-5.162000e+01	-1.366368e+03
6.870000e-06	-9.896475e-09	-4.608220e-09	-5.182435e+01	-1.368735e+03
6.880000e-06	-9.934574e-09	-4.615785e-09	-5.202384e+01	-1.370978e+03
6.890000e-06	-9.971798e-09	-4.622625e-09	-5.221876e+01	-1.372992e+03
6.900000e-06	-1.000830e-08	-4.629358e-09	-5.240996e+01	-1.374961e+03
6.910000e-06	-1.004417e-08	-4.636628e-09	-5.259782e+01	-1.377092e+03
6.920000e-06	-1.007939e-08	-4.644206e-09	-5.278227e+01	-1.379322e+03
6.930000e-06	-1.011393e-08	-4.651352e-09	-5.296312e+01	-1.381427e+03
6.940000e-06	-1.014776e-08	-4.657654e-09	-5.314026e+01	-1.383280e+03
6.950000e-06	-1.018089e-08	-4.663578e-09	-5.331378e+01	-1.385017e+03
6.960000e-06	-1.021340e-08	-4.669790e-09	-5.348406e+01	-1.386844e+03
6.970000e-06	-1.024529e-08	-4.676238e-09	-5.365106e+01	-1.388744e+03
6.980000e-06	-1.027638e-08	-4.682285e-09	-5.381383e+01	-1.390525e+03
6.990000e-06	-1.030648e-08	-4.687643e-09	-5.397140e+01	-1.392105e+03
7.000000e-06	-1.033564e-08	-4.692778e-09	-5.412399e+01	-1.393608e+03
7.010000e-06	-1.036407e-08	-4.698156e-09	-5.427284e+01	-1.395179e+03
7.020000e-06	-1.039187e-08	-4.703679e-09	-5.441845e+01	-1.396803e+03
7.030000e-06	-1.041899e-08	-4.709038e-09	-5.456043e+01	-1.398376e+03
7.040000e-06	-1.044537e-08	-4.714079e-09	-5.469853e+01	-1.399850e+03
7.050000e-06	-1.047099e-08	-4.718745e-09	-5.483265e+01	-1.401215e+03
7.060000e-06	-1.049589e-08	-4.723274e-09	-5.496303e+01	-1.402550e+03
7.070000e-06	-1.052022e-08	-4.727911e-09	-5.509041e+01	-1.403932e+03
7.080000e-06	-1.054398e-08	-4.732328e-09	-5.521482e+01	-1.405250e+03
7.090000e-06	-1.056693e-08	-4.736431e-09	-5.533497e+01	-1.406462e+03
7.100000e-06	-1.058883e-08	-4.740525e-09	-5.544960e+01	-1.407650e+03
7.110000e-06	-1.060978e-08	-4.744718e-09	-5.555925e+01	-1.408853e+03
7.120000e-06	-1.063006e-08	-4.748892e-09	-5.566535e+01	-1.410048e+03
7.130000e-06	-1.064969e-08	-4.752804e-09	-5.576815e+01	-1.411190e+03
7.140000e-06	-1.066862e-08	-4.756152e-09	-5.586722e+01	-1.412199e+03
7.150000e-06	-1.068683e-08	-4.758959e-09	-5.596254e+01	-1.413052e+03
7.160000e-06	-1.070432e-08	-4.761652e-09	-5.605410e+01	-1.413856e+03
7.170000e-06	-1.072111e-08	-4.764531e-09	-5.614205e+01	-1.414707e+03
7.180000e-06	-1.073730e-08	-4.767528e-09	-5.622691e+01	-1.415577e+03
7.190000e-06	-1.075279e-08	-4.770480e-09	-5.630797e+01	-1.416417e+03
7.200000e-06	-1.076722e-08	-4.773304e-09	-5.638345e+01	-1.417220e+03
7.210000e-06	-1.078052e-08	-4.775985e-09	-5.645298e+01	-1.417996e+03
7.220000e-06	-1.079292e-08	-4.778700e-09	-5.651786e+01	-1.418808e+03
7.230000e-06	-1.080456e-08	-4.781298e-09	-5.657877e+01	-1.419603e+03
7.240000e-06	-1.081544e-08	-4.783434e-09	-5.663565e+01	-1.420253e+03
7.250000e-06	-1.082556e-08	-4.785300e-09	-5.668861e+01	-1.420800e+03
7.260000e-06	-1.083493e-08	-4.787177e-09	-5.673765e+01	-1.421329e+03
7.270000e-06	-1.084360e-08	-4.788964e-09	-5.678304e+01	-1.421846e+03
7.280000e-06	-1.085169e-08	-4.790775e-09	-5.682540e+01	-1.422392e+03
7.290000e-06	-1.085905e-08	-4.792598e-09	-5.686400e+01	-1.422936e+03
7.300000e-06	-1.086541e-08	-4.794181e-09	-5.689721e+01	-1.423394e+03
7.310000e-06	-1.087070e-08	-4.795517e-09	-5.692487e+01	-1.423768e+03
7.320000e-06	-1.087521e-08	-4.796631e-09	-5.694843e+01	-1.424087e+03
7.330000e-06	-1.087913e-08	-4.797564e-09	-5.696892e+01	-1.424359e+03
7.340000e-06	-1.088239e-08	-4.798187e-09	-5.698590e+01	-1.424552e+03
7.350000e-06	-1.088494e-08	-4.798483e-09	-5.699921e+01	-1.424659e+03
7.360000e-06	-1.088676e-08	-4.798505e-09	-5.700872e+01	-1.424679e+03
7.370000e-06	-1.088778e-08	-4.798758e-09	-5.701401e+01	-1.424766e+03
