# Temperatura_=_21.67222222222222
# Concentracion g/m^3_=_10000.0
# C_Vs_to_Am_M_A/Vsm_=_254322799225.57578
# pendiente_HvsI_1/m_=_3716.3
# ordenada_HvsI_A/m_=_1297.0
# frecuencia_Hz_=_135574.8121218803
# Promedio de 36 ciclos

Tiempo_(s)	Campo_(V.s)	Magnetizacion_(V.s)	Campo_(kA/m)	Magnetizacion_(A/m)
0.000000e+00	-1.084676e-08	-4.270773e-09	-5.700546e+01	-1.338367e+03
1.000000e-08	-1.084690e-08	-4.271522e-09	-5.700621e+01	-1.338551e+03
2.000000e-08	-1.084637e-08	-4.272379e-09	-5.700336e+01	-1.338795e+03
3.000000e-08	-1.084487e-08	-4.272984e-09	-5.699536e+01	-1.338982e+03
4.000000e-08	-1.084234e-08	-4.272492e-09	-5.698198e+01	-1.338868e+03
5.000000e-08	-1.083900e-08	-4.271795e-09	-5.696441e+01	-1.338681e+03
6.000000e-08	-1.083510e-08	-4.272076e-09	-5.694388e+01	-1.338729e+03
7.000000e-08	-1.083062e-08	-4.272025e-09	-5.692023e+01	-1.338704e+03
8.000000e-08	-1.082542e-08	-4.271676e-09	-5.689283e+01	-1.338604e+03
9.000000e-08	-1.081940e-08	-4.273341e-09	-5.686114e+01	-1.338891e+03
1.000000e-07	-1.081238e-08	-4.274449e-09	-5.682416e+01	-1.338851e+03
1.100000e-07	-1.080409e-08	-4.265140e-09	-5.678038e+01	-1.336437e+03
1.200000e-07	-1.079430e-08	-4.254177e-09	-5.672881e+01	-1.334100e+03
1.300000e-07	-1.078345e-08	-4.260824e-09	-5.667180e+01	-1.336172e+03
1.400000e-07	-1.077230e-08	-4.284608e-09	-5.661330e+01	-1.341735e+03
1.500000e-07	-1.076087e-08	-4.290577e-09	-5.655326e+01	-1.342377e+03
1.600000e-07	-1.074856e-08	-4.253001e-09	-5.648842e+01	-1.333159e+03
1.700000e-07	-1.073528e-08	-4.238597e-09	-5.641860e+01	-1.329994e+03
1.800000e-07	-1.072145e-08	-4.283242e-09	-5.634595e+01	-1.340179e+03
1.900000e-07	-1.070673e-08	-4.285662e-09	-5.626847e+01	-1.340221e+03
2.000000e-07	-1.069064e-08	-4.230063e-09	-5.618386e+01	-1.327371e+03
2.100000e-07	-1.067374e-08	-4.235370e-09	-5.609507e+01	-1.328724e+03
2.200000e-07	-1.065647e-08	-4.279506e-09	-5.600434e+01	-1.338682e+03
2.300000e-07	-1.063848e-08	-4.253641e-09	-5.590969e+01	-1.332774e+03
2.400000e-07	-1.061962e-08	-4.230952e-09	-5.581048e+01	-1.327975e+03
2.500000e-07	-1.060021e-08	-4.279372e-09	-5.570846e+01	-1.339118e+03
2.600000e-07	-1.058022e-08	-4.281816e-09	-5.560338e+01	-1.339320e+03
2.700000e-07	-1.055942e-08	-4.230989e-09	-5.549399e+01	-1.327605e+03
2.800000e-07	-1.053793e-08	-4.248480e-09	-5.538101e+01	-1.331526e+03
2.900000e-07	-1.051577e-08	-4.272648e-09	-5.526444e+01	-1.336640e+03
3.000000e-07	-1.049277e-08	-4.225202e-09	-5.514340e+01	-1.325718e+03
3.100000e-07	-1.046911e-08	-4.221866e-09	-5.501907e+01	-1.325228e+03
3.200000e-07	-1.044493e-08	-4.266062e-09	-5.489194e+01	-1.335283e+03
3.300000e-07	-1.041985e-08	-4.240875e-09	-5.476000e+01	-1.329431e+03
3.400000e-07	-1.039366e-08	-4.217584e-09	-5.462228e+01	-1.324364e+03
3.500000e-07	-1.036664e-08	-4.264448e-09	-5.448026e+01	-1.335058e+03
3.600000e-07	-1.033901e-08	-4.261719e-09	-5.433500e+01	-1.334053e+03
3.700000e-07	-1.031076e-08	-4.219768e-09	-5.418654e+01	-1.324452e+03
3.800000e-07	-1.028186e-08	-4.246615e-09	-5.403463e+01	-1.330488e+03
3.900000e-07	-1.025220e-08	-4.253785e-09	-5.387868e+01	-1.331579e+03
4.000000e-07	-1.022177e-08	-4.209193e-09	-5.371864e+01	-1.321156e+03
4.100000e-07	-1.019066e-08	-4.222409e-09	-5.355503e+01	-1.323948e+03
4.200000e-07	-1.015895e-08	-4.235634e-09	-5.338824e+01	-1.326379e+03
4.300000e-07	-1.012660e-08	-4.201457e-09	-5.321815e+01	-1.318376e+03
4.400000e-07	-1.009342e-08	-4.210167e-09	-5.304369e+01	-1.320279e+03
4.500000e-07	-1.005923e-08	-4.224771e-09	-5.286390e+01	-1.323099e+03
4.600000e-07	-1.002415e-08	-4.197772e-09	-5.267952e+01	-1.316643e+03
4.700000e-07	-9.988443e-09	-4.197205e-09	-5.249177e+01	-1.316301e+03
4.800000e-07	-9.952143e-09	-4.206448e-09	-5.230086e+01	-1.317825e+03
4.900000e-07	-9.915200e-09	-4.188629e-09	-5.210659e+01	-1.313497e+03
5.000000e-07	-9.877559e-09	-4.188742e-09	-5.190868e+01	-1.313370e+03
5.100000e-07	-9.839171e-09	-4.191890e-09	-5.170683e+01	-1.313386e+03
5.200000e-07	-9.800111e-09	-4.172527e-09	-5.150146e+01	-1.308480e+03
5.300000e-07	-9.760498e-09	-4.169927e-09	-5.129320e+01	-1.307786e+03
5.400000e-07	-9.720274e-09	-4.175142e-09	-5.108172e+01	-1.308435e+03
5.500000e-07	-9.679209e-09	-4.161427e-09	-5.086588e+01	-1.304718e+03
5.600000e-07	-9.637170e-09	-4.156893e-09	-5.064494e+01	-1.303495e+03
5.700000e-07	-9.594247e-09	-4.160983e-09	-5.041932e+01	-1.304014e+03
5.800000e-07	-9.550594e-09	-4.150928e-09	-5.018985e+01	-1.301112e+03
5.900000e-07	-9.506327e-09	-4.142028e-09	-4.995718e+01	-1.298725e+03
6.000000e-07	-9.461489e-09	-4.139531e-09	-4.972152e+01	-1.297725e+03
6.100000e-07	-9.416043e-09	-4.130747e-09	-4.948261e+01	-1.295064e+03
6.200000e-07	-9.369927e-09	-4.123260e-09	-4.924014e+01	-1.292800e+03
6.300000e-07	-9.323155e-09	-4.120409e-09	-4.899422e+01	-1.291711e+03
6.400000e-07	-9.275760e-09	-4.115680e-09	-4.874502e+01	-1.290195e+03
6.500000e-07	-9.227685e-09	-4.111437e-09	-4.849232e+01	-1.288778e+03
6.600000e-07	-9.178800e-09	-4.106129e-09	-4.823544e+01	-1.287055e+03
6.700000e-07	-9.129010e-09	-4.096935e-09	-4.797375e+01	-1.284401e+03
6.800000e-07	-9.078311e-09	-4.088744e-09	-4.770717e+01	-1.281942e+03
6.900000e-07	-9.026764e-09	-4.081527e-09	-4.743613e+01	-1.279648e+03
7.000000e-07	-8.974463e-09	-4.074074e-09	-4.716119e+01	-1.277359e+03
7.100000e-07	-8.921500e-09	-4.069637e-09	-4.688279e+01	-1.275804e+03
7.200000e-07	-8.867896e-09	-4.064170e-09	-4.660102e+01	-1.273943e+03
7.300000e-07	-8.813666e-09	-4.055197e-09	-4.631598e+01	-1.271317e+03
7.400000e-07	-8.758891e-09	-4.048351e-09	-4.602806e+01	-1.269246e+03
7.500000e-07	-8.703611e-09	-4.042256e-09	-4.573742e+01	-1.267219e+03
7.600000e-07	-8.647795e-09	-4.032506e-09	-4.544399e+01	-1.264259e+03
7.700000e-07	-8.591400e-09	-4.023412e-09	-4.514752e+01	-1.261509e+03
7.800000e-07	-8.534325e-09	-4.017176e-09	-4.484746e+01	-1.259436e+03
7.900000e-07	-8.476473e-09	-4.010223e-09	-4.454332e+01	-1.257186e+03
8.000000e-07	-8.417876e-09	-4.002450e-09	-4.423526e+01	-1.254788e+03
8.100000e-07	-8.358614e-09	-3.995105e-09	-4.392369e+01	-1.252462e+03
8.200000e-07	-8.298726e-09	-3.986499e-09	-4.360887e+01	-1.249773e+03
8.300000e-07	-8.238258e-09	-3.977052e-09	-4.329104e+01	-1.246893e+03
8.400000e-07	-8.177243e-09	-3.968631e-09	-4.297027e+01	-1.244244e+03
8.500000e-07	-8.115661e-09	-3.960684e-09	-4.264645e+01	-1.241674e+03
8.600000e-07	-8.053524e-09	-3.951705e-09	-4.231980e+01	-1.238863e+03
8.700000e-07	-7.990890e-09	-3.942422e-09	-4.199057e+01	-1.236001e+03
8.800000e-07	-7.927784e-09	-3.933565e-09	-4.165881e+01	-1.233252e+03
8.900000e-07	-7.864190e-09	-3.924376e-09	-4.132451e+01	-1.230417e+03
9.000000e-07	-7.800066e-09	-3.914675e-09	-4.098750e+01	-1.227424e+03
9.100000e-07	-7.735391e-09	-3.904962e-09	-4.064763e+01	-1.224362e+03
9.200000e-07	-7.670127e-09	-3.895100e-09	-4.030471e+01	-1.221238e+03
9.300000e-07	-7.604237e-09	-3.885050e-09	-3.995850e+01	-1.218096e+03
9.400000e-07	-7.537728e-09	-3.875195e-09	-3.960900e+01	-1.215015e+03
9.500000e-07	-7.470614e-09	-3.865028e-09	-3.925626e+01	-1.211848e+03
9.600000e-07	-7.402930e-09	-3.854214e-09	-3.890059e+01	-1.208521e+03
9.700000e-07	-7.334745e-09	-3.843448e-09	-3.854231e+01	-1.205205e+03
9.800000e-07	-7.266104e-09	-3.832879e-09	-3.818157e+01	-1.201904e+03
9.900000e-07	-7.196998e-09	-3.821986e-09	-3.781838e+01	-1.198477e+03
1.000000e-06	-7.127396e-09	-3.810903e-09	-3.745263e+01	-1.194981e+03
1.010000e-06	-7.057292e-09	-3.799854e-09	-3.708429e+01	-1.191490e+03
1.020000e-06	-6.986719e-09	-3.788768e-09	-3.671352e+01	-1.188006e+03
1.030000e-06	-6.915727e-09	-3.777430e-09	-3.634052e+01	-1.184484e+03
1.040000e-06	-6.844322e-09	-3.766000e-09	-3.596524e+01	-1.180942e+03
1.050000e-06	-6.772426e-09	-3.754312e-09	-3.558737e+01	-1.177320e+03
1.060000e-06	-6.699955e-09	-3.742185e-09	-3.520658e+01	-1.173539e+03
1.070000e-06	-6.626893e-09	-3.729950e-09	-3.482272e+01	-1.169691e+03
1.080000e-06	-6.553263e-09	-3.717737e-09	-3.443583e+01	-1.165840e+03
1.090000e-06	-6.479047e-09	-3.705574e-09	-3.404587e+01	-1.162010e+03
1.100000e-06	-6.404223e-09	-3.693410e-09	-3.365272e+01	-1.158185e+03
1.110000e-06	-6.328817e-09	-3.680786e-09	-3.325649e+01	-1.154244e+03
1.120000e-06	-6.252878e-09	-3.667485e-09	-3.285744e+01	-1.150122e+03
1.130000e-06	-6.176480e-09	-3.653944e-09	-3.245597e+01	-1.145909e+03
1.140000e-06	-6.099661e-09	-3.640580e-09	-3.205229e+01	-1.141726e+03
1.150000e-06	-6.022372e-09	-3.627292e-09	-3.164624e+01	-1.137551e+03
1.160000e-06	-5.944588e-09	-3.613774e-09	-3.123766e+01	-1.133289e+03
1.170000e-06	-5.866328e-09	-3.599708e-09	-3.082648e+01	-1.128870e+03
1.180000e-06	-5.787597e-09	-3.584992e-09	-3.041273e+01	-1.124271e+03
1.190000e-06	-5.708392e-09	-3.570187e-09	-2.999648e+01	-1.119641e+03
1.200000e-06	-5.628718e-09	-3.555899e-09	-2.957783e+01	-1.115157e+03
1.210000e-06	-5.548567e-09	-3.541616e-09	-2.915665e+01	-1.110674e+03
1.220000e-06	-5.467946e-09	-3.526699e-09	-2.873294e+01	-1.106000e+03
1.230000e-06	-5.386887e-09	-3.511052e-09	-2.830691e+01	-1.101106e+03
1.240000e-06	-5.305412e-09	-3.495131e-09	-2.787866e+01	-1.096111e+03
1.250000e-06	-5.223581e-09	-3.479242e-09	-2.744855e+01	-1.091106e+03
1.260000e-06	-5.141458e-09	-3.462943e-09	-2.701693e+01	-1.085999e+03
1.270000e-06	-5.059063e-09	-3.446366e-09	-2.658385e+01	-1.080792e+03
1.280000e-06	-4.976398e-09	-3.429755e-09	-2.614932e+01	-1.075566e+03
1.290000e-06	-4.893469e-09	-3.412939e-09	-2.571344e+01	-1.070330e+03
1.300000e-06	-4.810275e-09	-3.396241e-09	-2.527621e+01	-1.065137e+03
1.310000e-06	-4.726789e-09	-3.379913e-09	-2.483748e+01	-1.060003e+03
1.320000e-06	-4.643003e-09	-3.363062e-09	-2.439722e+01	-1.054695e+03
1.330000e-06	-4.558934e-09	-3.345237e-09	-2.395546e+01	-1.049102e+03
1.340000e-06	-4.474575e-09	-3.327021e-09	-2.351211e+01	-1.043374e+03
1.350000e-06	-4.389921e-09	-3.308552e-09	-2.306721e+01	-1.037566e+03
1.360000e-06	-4.304975e-09	-3.289633e-09	-2.262080e+01	-1.031657e+03
1.370000e-06	-4.219738e-09	-3.270467e-09	-2.217289e+01	-1.025682e+03
1.380000e-06	-4.134230e-09	-3.251096e-09	-2.172353e+01	-1.019627e+03
1.390000e-06	-4.048454e-09	-3.231361e-09	-2.127278e+01	-1.013471e+03
1.400000e-06	-3.962408e-09	-3.211634e-09	-2.082061e+01	-1.007289e+03
1.410000e-06	-3.876120e-09	-3.191988e-09	-2.036717e+01	-1.001089e+03
1.420000e-06	-3.789623e-09	-3.171880e-09	-1.991260e+01	-9.947750e+02
1.430000e-06	-3.702932e-09	-3.151373e-09	-1.945695e+01	-9.883654e+02
1.440000e-06	-3.616031e-09	-3.130534e-09	-1.900022e+01	-9.818596e+02
1.450000e-06	-3.528883e-09	-3.109210e-09	-1.854231e+01	-9.752190e+02
1.460000e-06	-3.441508e-09	-3.087737e-09	-1.808316e+01	-9.685029e+02
1.470000e-06	-3.353901e-09	-3.066396e-09	-1.762277e+01	-9.617823e+02
1.480000e-06	-3.266016e-09	-3.044656e-09	-1.716095e+01	-9.549465e+02
1.490000e-06	-3.177839e-09	-3.022327e-09	-1.669759e+01	-9.479545e+02
1.500000e-06	-3.089368e-09	-3.000277e-09	-1.623271e+01	-9.410348e+02
1.510000e-06	-3.000619e-09	-2.978216e-09	-1.576636e+01	-9.340959e+02
1.520000e-06	-2.911610e-09	-2.955409e-09	-1.529865e+01	-9.269345e+02
1.530000e-06	-2.822379e-09	-2.931849e-09	-1.482978e+01	-9.195465e+02
1.540000e-06	-2.732965e-09	-2.907593e-09	-1.435993e+01	-9.119628e+02
1.550000e-06	-2.643393e-09	-2.882725e-09	-1.388927e+01	-9.042015e+02
1.560000e-06	-2.553690e-09	-2.857589e-09	-1.341796e+01	-8.963309e+02
1.570000e-06	-2.463840e-09	-2.832272e-09	-1.294589e+01	-8.883759e+02
1.580000e-06	-2.373812e-09	-2.806273e-09	-1.247281e+01	-8.802138e+02
1.590000e-06	-2.283608e-09	-2.779869e-09	-1.199878e+01	-8.719348e+02
1.600000e-06	-2.193233e-09	-2.753842e-09	-1.152390e+01	-8.637473e+02
1.610000e-06	-2.102667e-09	-2.727845e-09	-1.104799e+01	-8.555471e+02
1.620000e-06	-2.011902e-09	-2.700649e-09	-1.057103e+01	-8.470023e+02
1.630000e-06	-1.920941e-09	-2.671646e-09	-1.009304e+01	-8.379470e+02
1.640000e-06	-1.829790e-09	-2.641656e-09	-9.614022e+00	-8.285902e+02
1.650000e-06	-1.738460e-09	-2.611447e-09	-9.134042e+00	-8.191350e+02
1.660000e-06	-1.646959e-09	-2.581236e-09	-8.653150e+00	-8.096495e+02
1.670000e-06	-1.555327e-09	-2.551099e-09	-8.171605e+00	-8.001543e+02
1.680000e-06	-1.463605e-09	-2.520809e-09	-7.689591e+00	-7.905941e+02
1.690000e-06	-1.371815e-09	-2.490150e-09	-7.207162e+00	-7.809497e+02
1.700000e-06	-1.279962e-09	-2.458725e-09	-6.724397e+00	-7.711251e+02
1.710000e-06	-1.188030e-09	-2.426374e-09	-6.241254e+00	-7.610342e+02
1.720000e-06	-1.096021e-09	-2.393387e-09	-5.757697e+00	-7.507335e+02
1.730000e-06	-1.003933e-09	-2.359883e-09	-5.273697e+00	-7.402521e+02
1.740000e-06	-9.117609e-10	-2.325984e-09	-4.789308e+00	-7.296152e+02
1.750000e-06	-8.195169e-10	-2.292101e-09	-4.304565e+00	-7.189424e+02
1.760000e-06	-7.272072e-10	-2.258001e-09	-3.819427e+00	-7.081856e+02
1.770000e-06	-6.348344e-10	-2.223114e-09	-3.333951e+00	-6.972073e+02
1.780000e-06	-5.424044e-10	-2.187529e-09	-2.848170e+00	-6.860282e+02
1.790000e-06	-4.499195e-10	-2.150926e-09	-2.362108e+00	-6.745461e+02
1.800000e-06	-3.573912e-10	-2.113188e-09	-1.875855e+00	-6.627076e+02
1.810000e-06	-2.648523e-10	-2.074882e-09	-1.389562e+00	-6.506599e+02
1.820000e-06	-1.723214e-10	-2.035870e-09	-9.032928e-01	-6.383600e+02
1.830000e-06	-7.980761e-11	-1.995941e-09	-4.170734e-01	-6.257651e+02
1.840000e-06	1.268439e-11	-1.955270e-09	6.907092e-02	-6.129447e+02
1.850000e-06	1.051608e-10	-1.914025e-09	5.551525e-01	-5.999419e+02
1.860000e-06	1.976322e-10	-1.871665e-09	1.041165e+00	-5.866042e+02
1.870000e-06	2.900911e-10	-1.827819e-09	1.527081e+00	-5.728108e+02
1.880000e-06	3.825235e-10	-1.782881e-09	2.012853e+00	-5.586716e+02
1.890000e-06	4.749422e-10	-1.737283e-09	2.498518e+00	-5.443260e+02
1.900000e-06	5.673532e-10	-1.691193e-09	2.984143e+00	-5.298072e+02
1.910000e-06	6.597417e-10	-1.644015e-09	3.469724e+00	-5.149332e+02
1.920000e-06	7.520946e-10	-1.595256e-09	3.955121e+00	-4.995683e+02
1.930000e-06	8.444007e-10	-1.545132e-09	4.440255e+00	-4.837558e+02
1.940000e-06	9.366589e-10	-1.493609e-09	4.925147e+00	-4.674716e+02
1.950000e-06	1.028847e-09	-1.440368e-09	5.409640e+00	-4.506213e+02
1.960000e-06	1.120952e-09	-1.385302e-09	5.893686e+00	-4.331798e+02
1.970000e-06	1.212966e-09	-1.328763e-09	6.377243e+00	-4.152796e+02
1.980000e-06	1.304858e-09	-1.270977e-09	6.860178e+00	-3.970228e+02
1.990000e-06	1.396622e-09	-1.211768e-09	7.342464e+00	-3.783356e+02
2.000000e-06	1.488268e-09	-1.150965e-09	7.824117e+00	-3.591359e+02
2.010000e-06	1.579792e-09	-1.087891e-09	8.305097e+00	-3.392073e+02
2.020000e-06	1.671186e-09	-1.022113e-09	8.785400e+00	-3.183986e+02
2.030000e-06	1.762461e-09	-9.536930e-10	9.265066e+00	-2.967391e+02
2.040000e-06	1.853602e-09	-8.828183e-10	9.744018e+00	-2.742949e+02
2.050000e-06	1.944603e-09	-8.095852e-10	1.022221e+01	-2.510962e+02
2.060000e-06	2.035443e-09	-7.338697e-10	1.069959e+01	-2.271145e+02
2.070000e-06	2.126113e-09	-6.555221e-10	1.117613e+01	-2.023061e+02
2.080000e-06	2.216619e-09	-5.744525e-10	1.165176e+01	-1.766484e+02
2.090000e-06	2.306932e-09	-4.908348e-10	1.212633e+01	-1.501715e+02
2.100000e-06	2.397046e-09	-4.049823e-10	1.259985e+01	-1.229475e+02
2.110000e-06	2.486960e-09	-3.166625e-10	1.307232e+01	-9.493196e+01
2.120000e-06	2.576664e-09	-2.257718e-10	1.354370e+01	-6.611045e+01
2.130000e-06	2.666161e-09	-1.324792e-10	1.401399e+01	-3.655346e+01
2.140000e-06	2.755466e-09	-3.699988e-11	1.448324e+01	-6.350226e+00
2.150000e-06	2.844581e-09	6.012855e-11	1.495149e+01	2.433033e+01
2.160000e-06	2.933505e-09	1.583109e-10	1.541875e+01	5.532176e+01
2.170000e-06	3.022227e-09	2.571600e-10	1.588491e+01	8.650737e+01
2.180000e-06	3.110730e-09	3.567347e-10	1.634987e+01	1.178948e+02
2.190000e-06	3.198997e-09	4.565719e-10	1.681359e+01	1.493734e+02
2.200000e-06	3.287003e-09	5.560948e-10	1.727604e+01	1.807640e+02
2.210000e-06	3.374749e-09	6.551231e-10	1.773717e+01	2.119752e+02
2.220000e-06	3.462225e-09	7.532901e-10	1.819690e+01	2.428733e+02
2.230000e-06	3.549423e-09	8.503363e-10	1.865523e+01	2.733627e+02
2.240000e-06	3.636363e-09	9.460856e-10	1.911219e+01	3.034098e+02
2.250000e-06	3.723055e-09	1.040108e-09	1.956781e+01	3.329215e+02
2.260000e-06	3.809484e-09	1.132228e-09	2.002205e+01	3.618304e+02
2.270000e-06	3.895644e-09	1.222595e-09	2.047489e+01	3.901538e+02
2.280000e-06	3.981550e-09	1.311074e-09	2.092634e+01	4.178610e+02
2.290000e-06	4.067211e-09	1.397197e-09	2.137646e+01	4.448314e+02
2.300000e-06	4.152636e-09	1.480678e-09	2.182536e+01	4.709830e+02
2.310000e-06	4.237816e-09	1.561630e-09	2.227297e+01	4.963363e+02
2.320000e-06	4.322748e-09	1.640180e-09	2.271931e+01	5.209006e+02
2.330000e-06	4.407438e-09	1.716795e-09	2.316439e+01	5.448018e+02
2.340000e-06	4.491868e-09	1.791706e-09	2.360812e+01	5.681412e+02
2.350000e-06	4.576010e-09	1.864157e-09	2.405039e+01	5.907398e+02
2.360000e-06	4.659841e-09	1.934034e-09	2.449103e+01	6.125744e+02
2.370000e-06	4.743331e-09	2.001859e-09	2.492982e+01	6.337678e+02
2.380000e-06	4.826475e-09	2.067240e-09	2.536677e+01	6.541718e+02
2.390000e-06	4.909291e-09	2.130120e-09	2.580200e+01	6.737739e+02
2.400000e-06	4.991789e-09	2.191161e-09	2.623555e+01	6.927917e+02
2.410000e-06	5.073979e-09	2.250594e-09	2.666750e+01	7.112970e+02
2.420000e-06	5.155846e-09	2.308647e-09	2.709778e+01	7.293639e+02
2.430000e-06	5.237380e-09	2.365499e-09	2.752631e+01	7.470559e+02
2.440000e-06	5.318552e-09	2.420897e-09	2.795291e+01	7.642760e+02
2.450000e-06	5.399335e-09	2.474173e-09	2.837744e+01	7.808461e+02
2.460000e-06	5.479731e-09	2.525096e-09	2.879992e+01	7.967144e+02
2.470000e-06	5.559724e-09	2.573933e-09	2.922027e+01	8.119303e+02
2.480000e-06	5.639303e-09	2.621094e-09	2.963848e+01	8.266121e+02
2.490000e-06	5.718456e-09	2.667286e-09	3.005444e+01	8.409669e+02
2.500000e-06	5.797147e-09	2.712732e-09	3.046797e+01	8.550535e+02
2.510000e-06	5.875347e-09	2.756778e-09	3.087892e+01	8.687160e+02
2.520000e-06	5.953055e-09	2.798975e-09	3.128726e+01	8.818492e+02
2.530000e-06	6.030292e-09	2.839903e-09	3.169311e+01	8.946106e+02
2.540000e-06	6.107087e-09	2.880087e-09	3.209664e+01	9.071228e+02
2.550000e-06	6.183456e-09	2.918900e-09	3.249796e+01	9.191930e+02
2.560000e-06	6.259369e-09	2.956103e-09	3.289689e+01	9.307621e+02
2.570000e-06	6.334773e-09	2.992188e-09	3.329313e+01	9.419790e+02
2.580000e-06	6.409645e-09	3.027382e-09	3.368649e+01	9.529131e+02
2.590000e-06	6.483967e-09	3.062340e-09	3.407694e+01	9.637310e+02
2.600000e-06	6.557741e-09	3.096676e-09	3.446455e+01	9.743386e+02
2.610000e-06	6.630971e-09	3.129049e-09	3.484924e+01	9.844069e+02
2.620000e-06	6.703635e-09	3.160235e-09	3.523095e+01	9.941543e+02
2.630000e-06	6.775744e-09	3.191351e-09	3.560979e+01	1.003864e+03
2.640000e-06	6.847317e-09	3.222354e-09	3.598586e+01	1.013483e+03
2.650000e-06	6.918394e-09	3.252826e-09	3.635937e+01	1.022894e+03
2.660000e-06	6.989011e-09	3.281909e-09	3.673048e+01	1.031895e+03
2.670000e-06	7.059160e-09	3.309219e-09	3.709904e+01	1.040386e+03
2.680000e-06	7.128811e-09	3.335357e-09	3.746491e+01	1.048524e+03
2.690000e-06	7.197967e-09	3.361239e-09	3.782823e+01	1.056547e+03
2.700000e-06	7.266666e-09	3.386832e-09	3.818921e+01	1.064448e+03
2.710000e-06	7.334931e-09	3.411600e-09	3.854793e+01	1.072112e+03
2.720000e-06	7.402746e-09	3.435438e-09	3.890429e+01	1.079528e+03
2.730000e-06	7.470060e-09	3.458530e-09	3.925796e+01	1.086729e+03
2.740000e-06	7.536813e-09	3.481294e-09	3.960868e+01	1.093800e+03
2.750000e-06	7.602958e-09	3.503706e-09	3.995623e+01	1.100727e+03
2.760000e-06	7.668464e-09	3.525293e-09	4.030041e+01	1.107400e+03
2.770000e-06	7.733319e-09	3.545867e-09	4.064114e+01	1.113791e+03
2.780000e-06	7.797548e-09	3.566017e-09	4.097857e+01	1.120062e+03
2.790000e-06	7.861195e-09	3.586421e-09	4.131292e+01	1.126374e+03
2.800000e-06	7.924310e-09	3.606595e-09	4.164453e+01	1.132601e+03
2.810000e-06	7.986929e-09	3.626038e-09	4.197360e+01	1.138631e+03
2.820000e-06	8.049063e-09	3.644752e-09	4.230008e+01	1.144445e+03
2.830000e-06	8.110678e-09	3.662980e-09	4.262381e+01	1.150096e+03
2.840000e-06	8.171778e-09	3.681025e-09	4.294487e+01	1.155679e+03
2.850000e-06	8.232396e-09	3.698873e-09	4.326342e+01	1.161183e+03
2.860000e-06	8.292536e-09	3.716137e-09	4.357944e+01	1.166508e+03
2.870000e-06	8.352156e-09	3.732765e-09	4.389273e+01	1.171658e+03
2.880000e-06	8.411197e-09	3.748944e-09	4.420299e+01	1.176667e+03
2.890000e-06	8.469565e-09	3.764914e-09	4.450966e+01	1.181602e+03
2.900000e-06	8.527181e-09	3.780733e-09	4.481233e+01	1.186489e+03
2.910000e-06	8.584028e-09	3.795621e-09	4.511092e+01	1.191105e+03
2.920000e-06	8.640149e-09	3.809476e-09	4.540576e+01	1.195416e+03
2.930000e-06	8.695640e-09	3.822883e-09	4.569744e+01	1.199580e+03
2.940000e-06	8.750574e-09	3.836200e-09	4.598622e+01	1.203699e+03
2.950000e-06	8.804954e-09	3.849198e-09	4.627207e+01	1.207724e+03
2.960000e-06	8.858750e-09	3.861572e-09	4.655479e+01	1.211574e+03
2.970000e-06	8.911934e-09	3.873621e-09	4.683426e+01	1.215305e+03
2.980000e-06	8.964485e-09	3.885760e-09	4.711041e+01	1.219037e+03
2.990000e-06	9.016357e-09	3.898130e-09	4.738303e+01	1.222841e+03
3.000000e-06	9.067476e-09	3.910024e-09	4.765171e+01	1.226520e+03
3.010000e-06	9.117758e-09	3.920816e-09	4.791591e+01	1.229881e+03
3.020000e-06	9.167159e-09	3.930657e-09	4.817547e+01	1.232957e+03
3.030000e-06	9.215730e-09	3.940155e-09	4.843072e+01	1.235916e+03
3.040000e-06	9.263584e-09	3.949868e-09	4.868225e+01	1.238918e+03
3.050000e-06	9.310802e-09	3.959902e-09	4.893047e+01	1.242012e+03
3.060000e-06	9.357386e-09	3.970217e-09	4.917539e+01	1.245184e+03
3.070000e-06	9.403314e-09	3.980340e-09	4.941687e+01	1.248292e+03
3.080000e-06	9.448581e-09	3.989993e-09	4.965483e+01	1.251269e+03
3.090000e-06	9.493223e-09	3.999270e-09	4.988950e+01	1.254148e+03
3.100000e-06	9.537308e-09	4.008125e-09	5.012127e+01	1.256915e+03
3.110000e-06	9.580884e-09	4.016553e-09	5.035037e+01	1.259562e+03
3.120000e-06	9.623867e-09	4.024481e-09	5.057636e+01	1.262051e+03
3.130000e-06	9.666085e-09	4.032433e-09	5.079830e+01	1.264529e+03
3.140000e-06	9.707407e-09	4.041199e-09	5.101552e+01	1.267212e+03
3.150000e-06	9.747857e-09	4.050182e-09	5.122819e+01	1.269948e+03
3.160000e-06	9.787613e-09	4.058242e-09	5.143726e+01	1.272443e+03
3.170000e-06	9.826776e-09	4.065380e-09	5.164319e+01	1.274698e+03
3.180000e-06	9.865291e-09	4.072094e-09	5.184571e+01	1.276841e+03
3.190000e-06	9.903086e-09	4.079021e-09	5.204449e+01	1.279036e+03
3.200000e-06	9.940168e-09	4.086505e-09	5.223947e+01	1.281369e+03
3.210000e-06	9.976595e-09	4.093824e-09	5.243095e+01	1.283649e+03
3.220000e-06	1.001244e-08	4.100534e-09	5.261941e+01	1.285748e+03
3.230000e-06	1.004773e-08	4.107086e-09	5.280494e+01	1.287790e+03
3.240000e-06	1.008230e-08	4.113926e-09	5.298665e+01	1.289906e+03
3.250000e-06	1.011595e-08	4.120716e-09	5.316351e+01	1.292003e+03
3.260000e-06	1.014867e-08	4.126904e-09	5.333549e+01	1.293933e+03
3.270000e-06	1.018063e-08	4.132453e-09	5.350353e+01	1.295691e+03
3.280000e-06	1.021198e-08	4.138110e-09	5.366836e+01	1.297476e+03
3.290000e-06	1.024271e-08	4.144753e-09	5.382985e+01	1.299513e+03
3.300000e-06	1.027273e-08	4.151331e-09	5.398766e+01	1.301518e+03
3.310000e-06	1.030203e-08	4.156963e-09	5.414169e+01	1.303254e+03
3.320000e-06	1.033061e-08	4.161935e-09	5.429193e+01	1.304797e+03
3.330000e-06	1.035857e-08	4.166652e-09	5.443889e+01	1.306279e+03
3.340000e-06	1.038598e-08	4.172132e-09	5.458297e+01	1.307973e+03
3.350000e-06	1.041268e-08	4.177921e-09	5.472322e+01	1.309742e+03
3.360000e-06	1.043838e-08	4.182937e-09	5.485824e+01	1.311303e+03
3.370000e-06	1.046304e-08	4.186812e-09	5.498787e+01	1.312550e+03
3.380000e-06	1.048687e-08	4.190137e-09	5.511317e+01	1.313639e+03
3.390000e-06	1.051005e-08	4.194277e-09	5.523492e+01	1.314946e+03
3.400000e-06	1.053253e-08	4.199247e-09	5.535298e+01	1.316459e+03
3.410000e-06	1.055428e-08	4.203978e-09	5.546730e+01	1.317890e+03
3.420000e-06	1.057532e-08	4.207929e-09	5.557794e+01	1.319112e+03
3.430000e-06	1.059568e-08	4.211608e-09	5.568500e+01	1.320260e+03
3.440000e-06	1.061547e-08	4.215483e-09	5.578905e+01	1.321456e+03
3.450000e-06	1.063470e-08	4.219070e-09	5.589011e+01	1.322558e+03
3.460000e-06	1.065321e-08	4.221642e-09	5.598737e+01	1.323381e+03
3.470000e-06	1.067087e-08	4.223480e-09	5.608024e+01	1.324015e+03
3.480000e-06	1.068776e-08	4.225978e-09	5.616904e+01	1.324827e+03
3.490000e-06	1.070392e-08	4.229770e-09	5.625401e+01	1.325986e+03
3.500000e-06	1.071925e-08	4.233758e-09	5.633454e+01	1.327175e+03
3.510000e-06	1.073365e-08	4.236663e-09	5.641022e+01	1.328036e+03
3.520000e-06	1.074722e-08	4.238253e-09	5.648151e+01	1.328529e+03
3.530000e-06	1.076001e-08	4.239407e-09	5.654875e+01	1.328922e+03
3.540000e-06	1.077205e-08	4.241172e-09	5.661207e+01	1.329496e+03
3.550000e-06	1.078332e-08	4.243419e-09	5.667132e+01	1.330201e+03
3.560000e-06	1.079362e-08	4.245437e-09	5.672542e+01	1.330845e+03
3.570000e-06	1.080281e-08	4.247120e-09	5.677367e+01	1.331388e+03
3.580000e-06	1.081104e-08	4.248767e-09	5.681695e+01	1.331890e+03
3.590000e-06	1.081857e-08	4.250610e-09	5.685659e+01	1.332414e+03
3.600000e-06	1.082545e-08	4.252259e-09	5.689272e+01	1.332885e+03
3.610000e-06	1.083157e-08	4.252892e-09	5.692487e+01	1.333089e+03
3.620000e-06	1.083692e-08	4.252754e-09	5.695300e+01	1.333101e+03
3.630000e-06	1.084152e-08	4.253156e-09	5.697723e+01	1.333277e+03
3.640000e-06	1.084549e-08	4.254697e-09	5.699810e+01	1.333746e+03
3.650000e-06	1.084889e-08	4.256449e-09	5.701601e+01	1.334254e+03
3.660000e-06	1.085154e-08	4.257132e-09	5.702993e+01	1.334446e+03
3.670000e-06	1.085316e-08	4.256373e-09	5.703837e+01	1.334232e+03
3.680000e-06	1.085376e-08	4.255359e-09	5.704148e+01	1.333952e+03
3.690000e-06	1.085361e-08	4.255362e-09	5.704068e+01	1.333968e+03
3.700000e-06	1.085285e-08	4.256212e-09	5.703665e+01	1.334238e+03
3.710000e-06	1.085139e-08	4.256704e-09	5.702896e+01	1.334396e+03
3.720000e-06	1.084923e-08	4.256272e-09	5.701760e+01	1.334274e+03
3.730000e-06	1.084639e-08	4.256147e-09	5.700269e+01	1.334198e+03
3.740000e-06	1.084288e-08	4.256188e-09	5.698420e+01	1.334171e+03
3.750000e-06	1.083880e-08	4.255484e-09	5.696272e+01	1.333959e+03
3.760000e-06	1.083422e-08	4.254975e-09	5.693865e+01	1.333759e+03
3.770000e-06	1.082896e-08	4.252211e-09	5.691108e+01	1.333073e+03
3.780000e-06	1.082269e-08	4.246789e-09	5.687815e+01	1.332059e+03
3.790000e-06	1.081515e-08	4.256759e-09	5.683852e+01	1.334730e+03
3.800000e-06	1.080626e-08	4.274547e-09	5.679175e+01	1.338587e+03
3.810000e-06	1.079615e-08	4.262307e-09	5.673858e+01	1.334656e+03
3.820000e-06	1.078545e-08	4.220077e-09	5.668237e+01	1.324084e+03
3.830000e-06	1.077470e-08	4.209032e-09	5.662596e+01	1.321712e+03
3.840000e-06	1.076356e-08	4.255228e-09	5.656735e+01	1.332679e+03
3.850000e-06	1.075132e-08	4.267962e-09	5.650294e+01	1.335351e+03
3.860000e-06	1.073807e-08	4.215811e-09	5.643331e+01	1.323084e+03
3.870000e-06	1.072425e-08	4.211630e-09	5.636079e+01	1.322386e+03
3.880000e-06	1.070963e-08	4.268762e-09	5.628401e+01	1.335652e+03
3.890000e-06	1.069388e-08	4.264173e-09	5.620118e+01	1.334427e+03
3.900000e-06	1.067733e-08	4.216338e-09	5.611414e+01	1.323521e+03
3.910000e-06	1.066025e-08	4.238328e-09	5.602442e+01	1.328705e+03
3.920000e-06	1.064243e-08	4.267145e-09	5.593070e+01	1.335092e+03
3.930000e-06	1.062373e-08	4.221906e-09	5.583241e+01	1.324608e+03
3.940000e-06	1.060436e-08	4.210209e-09	5.573060e+01	1.322436e+03
3.950000e-06	1.058434e-08	4.268624e-09	5.562531e+01	1.336248e+03
3.960000e-06	1.056346e-08	4.266417e-09	5.551559e+01	1.335656e+03
3.970000e-06	1.054167e-08	4.224123e-09	5.540104e+01	1.325925e+03
3.980000e-06	1.051897e-08	4.256679e-09	5.528173e+01	1.333394e+03
3.990000e-06	1.049542e-08	4.274755e-09	5.515795e+01	1.337156e+03
4.000000e-06	1.047116e-08	4.220417e-09	5.503047e+01	1.324378e+03
4.010000e-06	1.044626e-08	4.223121e-09	5.489954e+01	1.325156e+03
4.020000e-06	1.042062e-08	4.261700e-09	5.476467e+01	1.333972e+03
4.030000e-06	1.039424e-08	4.227065e-09	5.462592e+01	1.326006e+03
4.040000e-06	1.036715e-08	4.214634e-09	5.448354e+01	1.323666e+03
4.050000e-06	1.033941e-08	4.266681e-09	5.433774e+01	1.335896e+03
4.060000e-06	1.031111e-08	4.254851e-09	5.418898e+01	1.333061e+03
4.070000e-06	1.028213e-08	4.228616e-09	5.403674e+01	1.327277e+03
4.080000e-06	1.025221e-08	4.271855e-09	5.387946e+01	1.337366e+03
4.090000e-06	1.022126e-08	4.267812e-09	5.371669e+01	1.336191e+03
4.100000e-06	1.018940e-08	4.235261e-09	5.354915e+01	1.328709e+03
4.110000e-06	1.015676e-08	4.264023e-09	5.337756e+01	1.335047e+03
4.120000e-06	1.012347e-08	4.256191e-09	5.320252e+01	1.332633e+03
4.130000e-06	1.008956e-08	4.225264e-09	5.302425e+01	1.325324e+03
4.140000e-06	1.005501e-08	4.248664e-09	5.284261e+01	1.330388e+03
4.150000e-06	1.001982e-08	4.240616e-09	5.265765e+01	1.328101e+03
4.160000e-06	9.984052e-09	4.218235e-09	5.246954e+01	1.323000e+03
4.170000e-06	9.947671e-09	4.239845e-09	5.227825e+01	1.327594e+03
4.180000e-06	9.910573e-09	4.226396e-09	5.208331e+01	1.323754e+03
4.190000e-06	9.872611e-09	4.203472e-09	5.188383e+01	1.318439e+03
4.200000e-06	9.833697e-09	4.223826e-09	5.167932e+01	1.322887e+03
4.210000e-06	9.793947e-09	4.215214e-09	5.147039e+01	1.320051e+03
4.220000e-06	9.753531e-09	4.192935e-09	5.125797e+01	1.314658e+03
4.230000e-06	9.712493e-09	4.206035e-09	5.104224e+01	1.317592e+03
4.240000e-06	9.670757e-09	4.201332e-09	5.082285e+01	1.315853e+03
4.250000e-06	9.628277e-09	4.181087e-09	5.059955e+01	1.310720e+03
4.260000e-06	9.585116e-09	4.184572e-09	5.037264e+01	1.311235e+03
4.270000e-06	9.541388e-09	4.181771e-09	5.014276e+01	1.309865e+03
4.280000e-06	9.497170e-09	4.166661e-09	4.991033e+01	1.305701e+03
4.290000e-06	9.452429e-09	4.164242e-09	4.967520e+01	1.304874e+03
4.300000e-06	9.407084e-09	4.162969e-09	4.943692e+01	1.304268e+03
4.310000e-06	9.361041e-09	4.154603e-09	4.919496e+01	1.301846e+03
4.320000e-06	9.314287e-09	4.148841e-09	4.894926e+01	1.299981e+03
4.330000e-06	9.266903e-09	4.142372e-09	4.870018e+01	1.297902e+03
4.340000e-06	9.218872e-09	4.133983e-09	4.844763e+01	1.295381e+03
4.350000e-06	9.170069e-09	4.128338e-09	4.819101e+01	1.293501e+03
4.360000e-06	9.120450e-09	4.121313e-09	4.793018e+01	1.291303e+03
4.370000e-06	9.070081e-09	4.113416e-09	4.766545e+01	1.288975e+03
4.380000e-06	9.019015e-09	4.108393e-09	4.739697e+01	1.287262e+03
4.390000e-06	8.967254e-09	4.099886e-09	4.712480e+01	1.284666e+03
4.400000e-06	8.914760e-09	4.090763e-09	4.684885e+01	1.282039e+03
4.410000e-06	8.861466e-09	4.086954e-09	4.656881e+01	1.280576e+03
4.420000e-06	8.807341e-09	4.079324e-09	4.628438e+01	1.278019e+03
4.430000e-06	8.752460e-09	4.067694e-09	4.599594e+01	1.274658e+03
4.440000e-06	8.696918e-09	4.061685e-09	4.570400e+01	1.272768e+03
4.450000e-06	8.640743e-09	4.055765e-09	4.540877e+01	1.270788e+03
4.460000e-06	8.583973e-09	4.044847e-09	4.511040e+01	1.267576e+03
4.470000e-06	8.526637e-09	4.035324e-09	4.480903e+01	1.264705e+03
4.480000e-06	8.468724e-09	4.028127e-09	4.450460e+01	1.262288e+03
4.490000e-06	8.410182e-09	4.018963e-09	4.419688e+01	1.259396e+03
4.500000e-06	8.351044e-09	4.009599e-09	4.388606e+01	1.256559e+03
4.510000e-06	8.291389e-09	4.002516e-09	4.357244e+01	1.254268e+03
4.520000e-06	8.231182e-09	3.993969e-09	4.325590e+01	1.251587e+03
4.530000e-06	8.170367e-09	3.982990e-09	4.293623e+01	1.248334e+03
4.540000e-06	8.108913e-09	3.973472e-09	4.261323e+01	1.245413e+03
4.550000e-06	8.046789e-09	3.964792e-09	4.228669e+01	1.242619e+03
4.560000e-06	7.983966e-09	3.954777e-09	4.195648e+01	1.239450e+03
4.570000e-06	7.920495e-09	3.944564e-09	4.162285e+01	1.236235e+03
4.580000e-06	7.856460e-09	3.934597e-09	4.128620e+01	1.233130e+03
4.590000e-06	7.791903e-09	3.924735e-09	4.094682e+01	1.230099e+03
4.600000e-06	7.726839e-09	3.915374e-09	4.060481e+01	1.227194e+03
4.610000e-06	7.661263e-09	3.905969e-09	4.026007e+01	1.224229e+03
4.620000e-06	7.595151e-09	3.895328e-09	3.991253e+01	1.220904e+03
4.630000e-06	7.528502e-09	3.883883e-09	3.956218e+01	1.217354e+03
4.640000e-06	7.461366e-09	3.873013e-09	3.920925e+01	1.213963e+03
4.650000e-06	7.393769e-09	3.862779e-09	3.885390e+01	1.210755e+03
4.660000e-06	7.325693e-09	3.852132e-09	3.849603e+01	1.207428e+03
4.670000e-06	7.257092e-09	3.840940e-09	3.813545e+01	1.203940e+03
4.680000e-06	7.187924e-09	3.829507e-09	3.777198e+01	1.200385e+03
4.690000e-06	7.118194e-09	3.818106e-09	3.740554e+01	1.196833e+03
4.700000e-06	7.047914e-09	3.806744e-09	3.703615e+01	1.193265e+03
4.710000e-06	6.977097e-09	3.795243e-09	3.666392e+01	1.189630e+03
4.720000e-06	6.905754e-09	3.783129e-09	3.628888e+01	1.185843e+03
4.730000e-06	6.833898e-09	3.770441e-09	3.591120e+01	1.181938e+03
4.740000e-06	6.761543e-09	3.758130e-09	3.553098e+01	1.178134e+03
4.750000e-06	6.688720e-09	3.746459e-09	3.514830e+01	1.174459e+03
4.760000e-06	6.615474e-09	3.734273e-09	3.476331e+01	1.170618e+03
4.770000e-06	6.541791e-09	3.721296e-09	3.437596e+01	1.166560e+03
4.780000e-06	6.467633e-09	3.708117e-09	3.398617e+01	1.162444e+03
4.790000e-06	6.392997e-09	3.694697e-09	3.359395e+01	1.158280e+03
4.800000e-06	6.317913e-09	3.681438e-09	3.319938e+01	1.154164e+03
4.810000e-06	6.242389e-09	3.668474e-09	3.280251e+01	1.150107e+03
4.820000e-06	6.166411e-09	3.655465e-09	3.240327e+01	1.146012e+03
4.830000e-06	6.089936e-09	3.642166e-09	3.200150e+01	1.141826e+03
4.840000e-06	6.012910e-09	3.628242e-09	3.159690e+01	1.137468e+03
4.850000e-06	5.935345e-09	3.613949e-09	3.118943e+01	1.133003e+03
4.860000e-06	5.857318e-09	3.599551e-09	3.077949e+01	1.128498e+03
4.870000e-06	5.778863e-09	3.584529e-09	3.036724e+01	1.123824e+03
4.880000e-06	5.699947e-09	3.569021e-09	2.995257e+01	1.119032e+03
4.890000e-06	5.620518e-09	3.553894e-09	2.953522e+01	1.114342e+03
4.900000e-06	5.540589e-09	3.539546e-09	2.911524e+01	1.109826e+03
4.910000e-06	5.460207e-09	3.525486e-09	2.869286e+01	1.105350e+03
4.920000e-06	5.379427e-09	3.511133e-09	2.826835e+01	1.100796e+03
4.930000e-06	5.298313e-09	3.495752e-09	2.784204e+01	1.095975e+03
4.940000e-06	5.216878e-09	3.479080e-09	2.741404e+01	1.090808e+03
4.950000e-06	5.135125e-09	3.462060e-09	2.698438e+01	1.085557e+03
4.960000e-06	5.053055e-09	3.445161e-09	2.655304e+01	1.080317e+03
4.970000e-06	4.970667e-09	3.428433e-09	2.612001e+01	1.075080e+03
4.980000e-06	4.887960e-09	3.411922e-09	2.568535e+01	1.069882e+03
4.990000e-06	4.804959e-09	3.395054e-09	2.524920e+01	1.064588e+03
5.000000e-06	4.721678e-09	3.377807e-09	2.481160e+01	1.059181e+03
5.010000e-06	4.638126e-09	3.360414e-09	2.437250e+01	1.053712e+03
5.020000e-06	4.554294e-09	3.342697e-09	2.393186e+01	1.048166e+03
5.030000e-06	4.470133e-09	3.324389e-09	2.348955e+01	1.042480e+03
5.040000e-06	4.385610e-09	3.305538e-09	2.304545e+01	1.036636e+03
5.050000e-06	4.300713e-09	3.286550e-09	2.259946e+01	1.030741e+03
5.060000e-06	4.215446e-09	3.267807e-09	2.215145e+01	1.024889e+03
5.070000e-06	4.129839e-09	3.249303e-09	2.170157e+01	1.019074e+03
5.080000e-06	4.043929e-09	3.230696e-09	2.125007e+01	1.013224e+03
5.090000e-06	3.957744e-09	3.211684e-09	2.079716e+01	1.007259e+03
5.100000e-06	3.871295e-09	3.192445e-09	2.034287e+01	1.001228e+03
5.110000e-06	3.784584e-09	3.172873e-09	1.988720e+01	9.951007e+02
5.120000e-06	3.697602e-09	3.152307e-09	1.943014e+01	9.886851e+02
5.130000e-06	3.610339e-09	3.130684e-09	1.897165e+01	9.819546e+02
5.140000e-06	3.522777e-09	3.108676e-09	1.851160e+01	9.750983e+02
5.150000e-06	3.434913e-09	3.087055e-09	1.804990e+01	9.683349e+02
5.160000e-06	3.346770e-09	3.065660e-09	1.758667e+01	9.616287e+02
5.170000e-06	3.258360e-09	3.044013e-09	1.712195e+01	9.548537e+02
5.180000e-06	3.169683e-09	3.021941e-09	1.665587e+01	9.479388e+02
5.190000e-06	3.080770e-09	2.999253e-09	1.618864e+01	9.408046e+02
5.200000e-06	2.991658e-09	2.975663e-09	1.572035e+01	9.333920e+02
5.210000e-06	2.902365e-09	2.951101e-09	1.525108e+01	9.257210e+02
5.220000e-06	2.812916e-09	2.925993e-09	1.478096e+01	9.178899e+02
5.230000e-06	2.723319e-09	2.900812e-09	1.431003e+01	9.100123e+02
5.240000e-06	2.633580e-09	2.875671e-09	1.383835e+01	9.021418e+02
5.250000e-06	2.543701e-09	2.850789e-09	1.336592e+01	8.943208e+02
5.260000e-06	2.453656e-09	2.826109e-09	1.289263e+01	8.865168e+02
5.270000e-06	2.363433e-09	2.800720e-09	1.241843e+01	8.785070e+02
5.280000e-06	2.273050e-09	2.774043e-09	1.194349e+01	8.701309e+02
5.290000e-06	2.182517e-09	2.746764e-09	1.146784e+01	8.615704e+02
5.300000e-06	2.091855e-09	2.719249e-09	1.099141e+01	8.529573e+02
5.310000e-06	2.001070e-09	2.691305e-09	1.051427e+01	8.442168e+02
5.320000e-06	1.910144e-09	2.662894e-09	1.003643e+01	8.353134e+02
5.330000e-06	1.819079e-09	2.633731e-09	9.557856e+00	8.261814e+02
5.340000e-06	1.727879e-09	2.604447e-09	9.078601e+00	8.169827e+02
5.350000e-06	1.636562e-09	2.575766e-09	8.598752e+00	8.079189e+02
5.360000e-06	1.545181e-09	2.546351e-09	8.118514e+00	7.986493e+02
5.370000e-06	1.453751e-09	2.515537e-09	7.637976e+00	7.890030e+02
5.380000e-06	1.362243e-09	2.484301e-09	7.157064e+00	7.792463e+02
5.390000e-06	1.270660e-09	2.452790e-09	6.675812e+00	7.694062e+02
5.400000e-06	1.179003e-09	2.420993e-09	6.194182e+00	7.594724e+02
5.410000e-06	1.087266e-09	2.388857e-09	5.712134e+00	7.494079e+02
5.420000e-06	9.954564e-10	2.355964e-09	5.229655e+00	7.390680e+02
5.430000e-06	9.035656e-10	2.322105e-09	4.746692e+00	7.284231e+02
5.440000e-06	8.115947e-10	2.287907e-09	4.263320e+00	7.176731e+02
5.450000e-06	7.195485e-10	2.253867e-09	3.779551e+00	7.069605e+02
5.460000e-06	6.274381e-10	2.219394e-09	3.295454e+00	6.961345e+02
5.470000e-06	5.352696e-10	2.183861e-09	2.811086e+00	6.849978e+02
5.480000e-06	4.430493e-10	2.147054e-09	2.326465e+00	6.734541e+02
5.490000e-06	3.507910e-10	2.109319e-09	1.841687e+00	6.615765e+02
5.500000e-06	2.585114e-10	2.070998e-09	1.356820e+00	6.494673e+02
5.510000e-06	1.662369e-10	2.031628e-09	8.719284e-01	6.370270e+02
5.520000e-06	7.398795e-11	1.991144e-09	3.870994e-01	6.242662e+02
5.530000e-06	-1.822669e-11	1.950121e-09	-9.755220e-02	6.113658e+02
5.540000e-06	-1.104082e-10	1.908891e-09	-5.820293e-01	5.983999e+02
5.550000e-06	-2.025619e-10	1.867163e-09	-1.066383e+00	5.852664e+02
5.560000e-06	-2.947180e-10	1.824261e-09	-1.550694e+00	5.717793e+02
5.570000e-06	-3.868776e-10	1.780017e-09	-2.034966e+00	5.578711e+02
5.580000e-06	-4.790132e-10	1.734540e-09	-2.519156e+00	5.435531e+02
5.590000e-06	-5.711222e-10	1.687968e-09	-3.003248e+00	5.288673e+02
5.600000e-06	-6.632008e-10	1.640501e-09	-3.487161e+00	5.138894e+02
5.610000e-06	-7.552434e-10	1.592160e-09	-3.970870e+00	4.986252e+02
5.620000e-06	-8.472281e-10	1.542607e-09	-4.454319e+00	4.829598e+02
5.630000e-06	-9.391375e-10	1.491187e-09	-4.937384e+00	4.667219e+02
5.640000e-06	-1.030971e-09	1.437946e-09	-5.420000e+00	4.499345e+02
5.650000e-06	-1.122714e-09	1.383390e-09	-5.902175e+00	4.327290e+02
5.660000e-06	-1.214364e-09	1.327042e-09	-6.383900e+00	4.149643e+02
5.670000e-06	-1.305911e-09	1.268946e-09	-6.865071e+00	3.966367e+02
5.680000e-06	-1.397342e-09	1.209538e-09	-7.345609e+00	3.778509e+02
5.690000e-06	-1.488670e-09	1.148182e-09	-7.825582e+00	3.584297e+02
5.700000e-06	-1.579896e-09	1.084684e-09	-8.305030e+00	3.383316e+02
5.710000e-06	-1.671031e-09	1.019156e-09	-8.783997e+00	3.176045e+02
5.720000e-06	-1.762078e-09	9.511103e-10	-9.262522e+00	2.961206e+02
5.730000e-06	-1.853032e-09	8.808104e-10	-9.740567e+00	2.739297e+02
5.740000e-06	-1.943880e-09	8.087868e-10	-1.021801e+01	2.511500e+02
5.750000e-06	-2.034592e-09	7.343739e-10	-1.069473e+01	2.275807e+02
5.760000e-06	-2.125154e-09	6.569322e-10	-1.117068e+01	2.030436e+02
5.770000e-06	-2.215560e-09	5.765719e-10	-1.164578e+01	1.775768e+02
5.780000e-06	-2.305823e-09	4.933323e-10	-1.212008e+01	1.512011e+02
5.790000e-06	-2.395926e-09	4.075201e-10	-1.259352e+01	1.240276e+02
5.800000e-06	-2.485842e-09	3.195466e-10	-1.306600e+01	9.617392e+01
5.810000e-06	-2.575574e-09	2.292630e-10	-1.353755e+01	6.758858e+01
5.820000e-06	-2.665137e-09	1.366884e-10	-1.400822e+01	3.828919e+01
5.830000e-06	-2.754542e-09	4.217139e-11	-1.447809e+01	8.392304e+00
5.840000e-06	-2.843791e-09	-5.412477e-11	-1.494711e+01	-2.204672e+01
5.850000e-06	-2.932881e-09	-1.519740e-10	-1.541529e+01	-5.296945e+01
5.860000e-06	-3.021806e-09	-2.509600e-10	-1.588266e+01	-8.425015e+01
5.870000e-06	-3.110538e-09	-3.506030e-10	-1.634903e+01	-1.157139e+02
5.880000e-06	-3.199052e-09	-4.504939e-10	-1.681426e+01	-1.472209e+02
5.890000e-06	-3.287343e-09	-5.502763e-10	-1.727830e+01	-1.786496e+02
5.900000e-06	-3.375382e-09	-6.494080e-10	-1.774100e+01	-2.098218e+02
5.910000e-06	-3.463138e-09	-7.474351e-10	-1.820225e+01	-2.406324e+02
5.920000e-06	-3.550600e-09	-8.442744e-10	-1.866192e+01	-2.710697e+02
5.930000e-06	-3.637756e-09	-9.398930e-10	-1.911992e+01	-3.011056e+02
5.940000e-06	-3.724608e-09	-1.034232e-09	-1.957631e+01	-3.307260e+02
5.950000e-06	-3.811152e-09	-1.127000e-09	-2.003107e+01	-3.598468e+02
5.960000e-06	-3.897392e-09	-1.217619e-09	-2.048423e+01	-3.882858e+02
5.970000e-06	-3.983369e-09	-1.305933e-09	-2.093595e+01	-4.159798e+02
5.980000e-06	-4.069085e-09	-1.392080e-09	-2.138629e+01	-4.429578e+02
5.990000e-06	-4.154511e-09	-1.476028e-09	-2.183515e+01	-4.692156e+02
6.000000e-06	-4.239628e-09	-1.557642e-09	-2.228237e+01	-4.947336e+02
6.010000e-06	-4.324403e-09	-1.636676e-09	-2.272778e+01	-5.194532e+02
6.020000e-06	-4.408829e-09	-1.713099e-09	-2.317137e+01	-5.433518e+02
6.030000e-06	-4.492910e-09	-1.787175e-09	-2.361314e+01	-5.665070e+02
6.040000e-06	-4.576665e-09	-1.859374e-09	-2.405327e+01	-5.890647e+02
6.050000e-06	-4.660130e-09	-1.929823e-09	-2.449194e+01	-6.110686e+02
6.060000e-06	-4.743299e-09	-1.998111e-09	-2.492910e+01	-6.324148e+02
6.070000e-06	-4.826142e-09	-2.064294e-09	-2.536454e+01	-6.530918e+02
6.080000e-06	-4.908639e-09	-2.128479e-09	-2.579814e+01	-6.730998e+02
6.090000e-06	-4.990798e-09	-2.190638e-09	-2.622990e+01	-6.924487e+02
6.100000e-06	-5.072637e-09	-2.251011e-09	-2.665994e+01	-7.112278e+02
6.110000e-06	-5.154177e-09	-2.309367e-09	-2.708843e+01	-7.293967e+02
6.120000e-06	-5.235429e-09	-2.365598e-09	-2.751546e+01	-7.469342e+02
6.130000e-06	-5.316373e-09	-2.420238e-09	-2.794087e+01	-7.639712e+02
6.140000e-06	-5.396971e-09	-2.473278e-09	-2.836440e+01	-7.804997e+02
6.150000e-06	-5.477170e-09	-2.524655e-09	-2.878582e+01	-7.965028e+02
6.160000e-06	-5.556954e-09	-2.574262e-09	-2.920504e+01	-8.119541e+02
6.170000e-06	-5.636298e-09	-2.621769e-09	-2.962192e+01	-8.267703e+02
6.180000e-06	-5.715178e-09	-2.667613e-09	-3.003639e+01	-8.410615e+02
6.190000e-06	-5.793581e-09	-2.712472e-09	-3.044832e+01	-8.550106e+02
6.200000e-06	-5.871465e-09	-2.756458e-09	-3.085748e+01	-8.686691e+02
6.210000e-06	-5.948783e-09	-2.799335e-09	-3.126365e+01	-8.820009e+02
6.220000e-06	-6.025530e-09	-2.840985e-09	-3.166686e+01	-8.949721e+02
6.230000e-06	-6.101754e-09	-2.881312e-09	-3.206730e+01	-9.075296e+02
6.240000e-06	-6.177497e-09	-2.920149e-09	-3.246523e+01	-9.196047e+02
6.250000e-06	-6.252800e-09	-2.957770e-09	-3.286096e+01	-9.312784e+02
6.260000e-06	-6.327681e-09	-2.994445e-09	-3.325447e+01	-9.426612e+02
6.270000e-06	-6.402131e-09	-3.029932e-09	-3.364571e+01	-9.536864e+02
6.280000e-06	-6.476143e-09	-3.064474e-09	-3.403466e+01	-9.644045e+02
6.290000e-06	-6.549727e-09	-3.098247e-09	-3.442136e+01	-9.748735e+02
6.300000e-06	-6.622902e-09	-3.130919e-09	-3.480592e+01	-9.850268e+02
6.310000e-06	-6.695667e-09	-3.162608e-09	-3.518832e+01	-9.949000e+02
6.320000e-06	-6.767987e-09	-3.193474e-09	-3.556842e+01	-1.004517e+03
6.330000e-06	-6.839822e-09	-3.223650e-09	-3.594602e+01	-1.013900e+03
6.340000e-06	-6.911138e-09	-3.253632e-09	-3.632090e+01	-1.023171e+03
6.350000e-06	-6.981906e-09	-3.283154e-09	-3.669284e+01	-1.032274e+03
6.360000e-06	-7.052110e-09	-3.311719e-09	-3.706178e+01	-1.041124e+03
6.370000e-06	-7.121743e-09	-3.339315e-09	-3.742771e+01	-1.049710e+03
6.380000e-06	-7.190812e-09	-3.365863e-09	-3.779070e+01	-1.057972e+03
6.390000e-06	-7.259339e-09	-3.391550e-09	-3.815087e+01	-1.065953e+03
6.400000e-06	-7.327360e-09	-3.416570e-09	-3.850840e+01	-1.073717e+03
6.410000e-06	-7.394918e-09	-3.440839e-09	-3.886352e+01	-1.081250e+03
6.420000e-06	-7.462022e-09	-3.464266e-09	-3.921625e+01	-1.088523e+03
6.430000e-06	-7.528641e-09	-3.486901e-09	-3.956639e+01	-1.095536e+03
6.440000e-06	-7.594739e-09	-3.508891e-09	-3.991382e+01	-1.102337e+03
6.450000e-06	-7.660310e-09	-3.530239e-09	-4.025848e+01	-1.108949e+03
6.460000e-06	-7.725371e-09	-3.550912e-09	-4.060046e+01	-1.115371e+03
6.470000e-06	-7.789924e-09	-3.570928e-09	-4.093978e+01	-1.121611e+03
6.480000e-06	-7.853966e-09	-3.590286e-09	-4.127637e+01	-1.127644e+03
6.490000e-06	-7.917455e-09	-3.609454e-09	-4.161005e+01	-1.133573e+03
6.500000e-06	-7.980330e-09	-3.628542e-09	-4.194051e+01	-1.139455e+03
6.510000e-06	-8.042561e-09	-3.647114e-09	-4.226751e+01	-1.145196e+03
6.520000e-06	-8.104143e-09	-3.665031e-09	-4.259112e+01	-1.150750e+03
6.530000e-06	-8.165096e-09	-3.682608e-09	-4.291150e+01	-1.156194e+03
6.540000e-06	-8.225473e-09	-3.700071e-09	-4.322890e+01	-1.161583e+03
6.550000e-06	-8.285319e-09	-3.717196e-09	-4.354353e+01	-1.166876e+03
6.560000e-06	-8.344642e-09	-3.733826e-09	-4.385542e+01	-1.172041e+03
6.570000e-06	-8.403416e-09	-3.750010e-09	-4.416436e+01	-1.177064e+03
6.580000e-06	-8.461573e-09	-3.765928e-09	-4.447006e+01	-1.181985e+03
6.590000e-06	-8.519113e-09	-3.781440e-09	-4.477251e+01	-1.186772e+03
6.600000e-06	-8.576082e-09	-3.796312e-09	-4.507193e+01	-1.191377e+03
6.610000e-06	-8.632477e-09	-3.810846e-09	-4.536837e+01	-1.195890e+03
6.620000e-06	-8.688267e-09	-3.825350e-09	-4.566162e+01	-1.200396e+03
6.630000e-06	-8.743369e-09	-3.839477e-09	-4.595122e+01	-1.204782e+03
6.640000e-06	-8.797698e-09	-3.853083e-09	-4.623673e+01	-1.208992e+03
6.650000e-06	-8.851223e-09	-3.866368e-09	-4.651800e+01	-1.213096e+03
6.660000e-06	-8.903974e-09	-3.879290e-09	-4.679520e+01	-1.217094e+03
6.670000e-06	-8.956012e-09	-3.892052e-09	-4.706872e+01	-1.221054e+03
6.680000e-06	-9.007380e-09	-3.904645e-09	-4.733879e+01	-1.224954e+03
6.690000e-06	-9.058080e-09	-3.916795e-09	-4.760535e+01	-1.228696e+03
6.700000e-06	-9.108035e-09	-3.928306e-09	-4.786792e+01	-1.232248e+03
6.710000e-06	-9.157129e-09	-3.939050e-09	-4.812593e+01	-1.235597e+03
6.720000e-06	-9.205306e-09	-3.949488e-09	-4.837912e+01	-1.238864e+03
6.730000e-06	-9.252670e-09	-3.960214e-09	-4.862811e+01	-1.242184e+03
6.740000e-06	-9.299395e-09	-3.971070e-09	-4.887378e+01	-1.245513e+03
6.750000e-06	-9.345561e-09	-3.981532e-09	-4.911651e+01	-1.248713e+03
6.760000e-06	-9.391158e-09	-3.991274e-09	-4.935621e+01	-1.251710e+03
6.770000e-06	-9.436192e-09	-4.000384e-09	-4.959295e+01	-1.254544e+03
6.780000e-06	-9.480686e-09	-4.009342e-09	-4.982688e+01	-1.257329e+03
6.790000e-06	-9.524663e-09	-4.018330e-09	-5.005807e+01	-1.260098e+03
6.800000e-06	-9.568101e-09	-4.026997e-09	-5.028640e+01	-1.262768e+03
6.810000e-06	-9.610933e-09	-4.035065e-09	-5.051155e+01	-1.265278e+03
6.820000e-06	-9.653128e-09	-4.042828e-09	-5.073335e+01	-1.267711e+03
6.830000e-06	-9.694684e-09	-4.050854e-09	-5.095176e+01	-1.270215e+03
6.840000e-06	-9.735612e-09	-4.059112e-09	-5.116686e+01	-1.272762e+03
6.850000e-06	-9.775943e-09	-4.067170e-09	-5.137888e+01	-1.275234e+03
6.860000e-06	-9.815660e-09	-4.074616e-09	-5.158766e+01	-1.277537e+03
6.870000e-06	-9.854617e-09	-4.081467e-09	-5.179241e+01	-1.279686e+03
6.880000e-06	-9.892653e-09	-4.088555e-09	-5.199233e+01	-1.281895e+03
6.890000e-06	-9.929814e-09	-4.096049e-09	-5.218763e+01	-1.284189e+03
6.900000e-06	-9.966265e-09	-4.103138e-09	-5.237922e+01	-1.286361e+03
6.910000e-06	-1.000210e-08	-4.109696e-09	-5.256759e+01	-1.288394e+03
6.920000e-06	-1.003730e-08	-4.115989e-09	-5.275254e+01	-1.290363e+03
6.930000e-06	-1.007180e-08	-4.122055e-09	-5.293377e+01	-1.292278e+03
6.940000e-06	-1.010558e-08	-4.128179e-09	-5.311134e+01	-1.294198e+03
6.950000e-06	-1.013869e-08	-4.134311e-09	-5.328532e+01	-1.296098e+03
6.960000e-06	-1.017117e-08	-4.140056e-09	-5.345604e+01	-1.297876e+03
6.970000e-06	-1.020304e-08	-4.145633e-09	-5.362355e+01	-1.299602e+03
6.980000e-06	-1.023411e-08	-4.151455e-09	-5.378686e+01	-1.301394e+03
6.990000e-06	-1.026418e-08	-4.157244e-09	-5.394488e+01	-1.303176e+03
7.000000e-06	-1.029331e-08	-4.162754e-09	-5.409793e+01	-1.304892e+03
7.010000e-06	-1.032171e-08	-4.167953e-09	-5.424718e+01	-1.306529e+03
7.020000e-06	-1.034949e-08	-4.172706e-09	-5.439317e+01	-1.308022e+03
7.030000e-06	-1.037660e-08	-4.177608e-09	-5.453557e+01	-1.309529e+03
7.040000e-06	-1.040295e-08	-4.182808e-09	-5.467402e+01	-1.311111e+03
7.050000e-06	-1.042853e-08	-4.187746e-09	-5.480845e+01	-1.312629e+03
7.060000e-06	-1.045342e-08	-4.192477e-09	-5.493923e+01	-1.314098e+03
7.070000e-06	-1.047775e-08	-4.197020e-09	-5.506709e+01	-1.315522e+03
7.080000e-06	-1.050151e-08	-4.201391e-09	-5.519193e+01	-1.316887e+03
7.090000e-06	-1.052444e-08	-4.205721e-09	-5.531233e+01	-1.318222e+03
7.100000e-06	-1.054632e-08	-4.209841e-09	-5.542724e+01	-1.319492e+03
7.110000e-06	-1.056727e-08	-4.213646e-09	-5.553726e+01	-1.320659e+03
7.120000e-06	-1.058754e-08	-4.217266e-09	-5.564378e+01	-1.321767e+03
7.130000e-06	-1.060721e-08	-4.220943e-09	-5.574712e+01	-1.322895e+03
7.140000e-06	-1.062617e-08	-4.224674e-09	-5.584677e+01	-1.324039e+03
7.150000e-06	-1.064440e-08	-4.228343e-09	-5.594253e+01	-1.325175e+03
7.160000e-06	-1.066190e-08	-4.231824e-09	-5.603439e+01	-1.326258e+03
7.170000e-06	-1.067869e-08	-4.234907e-09	-5.612264e+01	-1.327225e+03
7.180000e-06	-1.069489e-08	-4.237668e-09	-5.620778e+01	-1.328102e+03
7.190000e-06	-1.071040e-08	-4.240518e-09	-5.628922e+01	-1.328993e+03
7.200000e-06	-1.072485e-08	-4.243730e-09	-5.636510e+01	-1.329972e+03
7.210000e-06	-1.073815e-08	-4.246709e-09	-5.643494e+01	-1.330883e+03
7.220000e-06	-1.075056e-08	-4.248965e-09	-5.650014e+01	-1.331581e+03
7.230000e-06	-1.076223e-08	-4.250993e-09	-5.656149e+01	-1.332211e+03
7.240000e-06	-1.077315e-08	-4.253111e-09	-5.661890e+01	-1.332873e+03
7.250000e-06	-1.078333e-08	-4.255154e-09	-5.667239e+01	-1.333529e+03
7.260000e-06	-1.079274e-08	-4.257194e-09	-5.672179e+01	-1.334186e+03
7.270000e-06	-1.080143e-08	-4.259218e-09	-5.676746e+01	-1.334814e+03
7.280000e-06	-1.080956e-08	-4.261079e-09	-5.681018e+01	-1.335367e+03
7.290000e-06	-1.081700e-08	-4.262779e-09	-5.684923e+01	-1.335861e+03
7.300000e-06	-1.082344e-08	-4.264069e-09	-5.688306e+01	-1.336250e+03
7.310000e-06	-1.082881e-08	-4.264972e-09	-5.691133e+01	-1.336551e+03
7.320000e-06	-1.083338e-08	-4.265908e-09	-5.693535e+01	-1.336871e+03
7.330000e-06	-1.083734e-08	-4.267037e-09	-5.695617e+01	-1.337243e+03
7.340000e-06	-1.084066e-08	-4.268412e-09	-5.697351e+01	-1.337673e+03
7.350000e-06	-1.084326e-08	-4.269643e-09	-5.698714e+01	-1.338045e+03
7.360000e-06	-1.084514e-08	-4.270132e-09	-5.699699e+01	-1.338191e+03
7.370000e-06	-1.084623e-08	-4.270320e-09	-5.700268e+01	-1.338249e+03
