# Temperatura_=_22.108571428571434
# Concentracion g/m^3_=_10000.0
# C_Vs_to_Am_M_A/Vsm_=_254322799225.57578
# pendiente_HvsI_1/m_=_3716.3
# ordenada_HvsI_A/m_=_1297.0
# frecuencia_Hz_=_135569.0117122078
# Promedio de 35 ciclos

Tiempo_(s)	Campo_(V.s)	Magnetizacion_(V.s)	Campo_(kA/m)	Magnetizacion_(A/m)
0.000000e+00	-1.082397e-08	-6.904241e-09	-5.700606e+01	-2.028297e+03
1.000000e-08	-1.082410e-08	-6.904397e-09	-5.700667e+01	-2.028328e+03
2.000000e-08	-1.082357e-08	-6.904312e-09	-5.700375e+01	-2.028310e+03
3.000000e-08	-1.082209e-08	-6.904339e-09	-5.699584e+01	-2.028321e+03
4.000000e-08	-1.081958e-08	-6.904565e-09	-5.698253e+01	-2.028377e+03
5.000000e-08	-1.081625e-08	-6.905231e-09	-5.696493e+01	-2.028537e+03
6.000000e-08	-1.081233e-08	-6.904948e-09	-5.694423e+01	-2.028445e+03
7.000000e-08	-1.080781e-08	-6.904298e-09	-5.692039e+01	-2.028288e+03
8.000000e-08	-1.080257e-08	-6.906566e-09	-5.689276e+01	-2.028894e+03
9.000000e-08	-1.079651e-08	-6.907542e-09	-5.686080e+01	-2.028991e+03
1.000000e-07	-1.078947e-08	-6.893440e-09	-5.682363e+01	-2.024932e+03
1.100000e-07	-1.078116e-08	-6.874673e-09	-5.677967e+01	-2.019913e+03
1.200000e-07	-1.077139e-08	-6.884661e-09	-5.672804e+01	-2.022941e+03
1.300000e-07	-1.076063e-08	-6.920668e-09	-5.667123e+01	-2.032767e+03
1.400000e-07	-1.074959e-08	-6.928867e-09	-5.661305e+01	-2.034552e+03
1.500000e-07	-1.073821e-08	-6.877423e-09	-5.655302e+01	-2.020382e+03
1.600000e-07	-1.072587e-08	-6.853696e-09	-5.648788e+01	-2.014411e+03
1.700000e-07	-1.071262e-08	-6.912398e-09	-5.641800e+01	-2.030116e+03
1.800000e-07	-1.069883e-08	-6.915975e-09	-5.634536e+01	-2.030129e+03
1.900000e-07	-1.068410e-08	-6.840939e-09	-5.626757e+01	-2.010064e+03
2.000000e-07	-1.066801e-08	-6.856019e-09	-5.618271e+01	-2.015016e+03
2.100000e-07	-1.065115e-08	-6.923565e-09	-5.609391e+01	-2.032788e+03
2.200000e-07	-1.063389e-08	-6.881116e-09	-5.600299e+01	-2.020737e+03
2.300000e-07	-1.061586e-08	-6.827233e-09	-5.590793e+01	-2.007116e+03
2.400000e-07	-1.059697e-08	-6.885037e-09	-5.580845e+01	-2.022882e+03
2.500000e-07	-1.057756e-08	-6.893859e-09	-5.570627e+01	-2.024035e+03
2.600000e-07	-1.055756e-08	-6.819225e-09	-5.560085e+01	-2.004038e+03
2.700000e-07	-1.053676e-08	-6.845779e-09	-5.549122e+01	-2.012061e+03
2.800000e-07	-1.051531e-08	-6.902460e-09	-5.537815e+01	-2.026595e+03
2.900000e-07	-1.049316e-08	-6.848547e-09	-5.526136e+01	-2.011686e+03
3.000000e-07	-1.047016e-08	-6.835911e-09	-5.514010e+01	-2.009405e+03
3.100000e-07	-1.044652e-08	-6.902692e-09	-5.501561e+01	-2.027300e+03
3.200000e-07	-1.042236e-08	-6.869598e-09	-5.488830e+01	-2.017599e+03
3.300000e-07	-1.039732e-08	-6.814084e-09	-5.475620e+01	-2.003483e+03
3.400000e-07	-1.037123e-08	-6.868027e-09	-5.461849e+01	-2.018414e+03
3.500000e-07	-1.034430e-08	-6.875385e-09	-5.447646e+01	-2.019188e+03
3.600000e-07	-1.031672e-08	-6.807385e-09	-5.433105e+01	-2.000942e+03
3.700000e-07	-1.028851e-08	-6.838885e-09	-5.418242e+01	-2.010101e+03
3.800000e-07	-1.025964e-08	-6.877025e-09	-5.403026e+01	-2.019322e+03
3.900000e-07	-1.023001e-08	-6.818078e-09	-5.387404e+01	-2.003051e+03
4.000000e-07	-1.019961e-08	-6.824084e-09	-5.371376e+01	-2.005540e+03
4.100000e-07	-1.016852e-08	-6.865171e-09	-5.354994e+01	-2.015938e+03
4.200000e-07	-1.013683e-08	-6.819144e-09	-5.338303e+01	-2.002916e+03
4.300000e-07	-1.010453e-08	-6.814871e-09	-5.321279e+01	-2.002481e+03
4.400000e-07	-1.007142e-08	-6.851808e-09	-5.303814e+01	-2.012081e+03
4.500000e-07	-1.003730e-08	-6.814896e-09	-5.285818e+01	-2.001473e+03
4.600000e-07	-1.000229e-08	-6.795262e-09	-5.267364e+01	-1.996570e+03
4.700000e-07	-9.966616e-09	-6.816061e-09	-5.248571e+01	-2.001955e+03
4.800000e-07	-9.930347e-09	-6.792736e-09	-5.229464e+01	-1.995127e+03
4.900000e-07	-9.893450e-09	-6.780246e-09	-5.210019e+01	-1.991949e+03
5.000000e-07	-9.855862e-09	-6.795897e-09	-5.190208e+01	-1.995970e+03
5.100000e-07	-9.817522e-09	-6.776481e-09	-5.170006e+01	-1.990268e+03
5.200000e-07	-9.778521e-09	-6.762113e-09	-5.149463e+01	-1.986443e+03
5.300000e-07	-9.738974e-09	-6.771211e-09	-5.128635e+01	-1.988759e+03
5.400000e-07	-9.698812e-09	-6.754190e-09	-5.107479e+01	-1.983797e+03
5.500000e-07	-9.657849e-09	-6.736353e-09	-5.085889e+01	-1.978942e+03
5.600000e-07	-9.615962e-09	-6.741189e-09	-5.063803e+01	-1.980099e+03
5.700000e-07	-9.573156e-09	-6.732174e-09	-5.041244e+01	-1.977310e+03
5.800000e-07	-9.529564e-09	-6.716290e-09	-5.018283e+01	-1.972850e+03
5.900000e-07	-9.485355e-09	-6.714363e-09	-4.994995e+01	-1.972171e+03
6.000000e-07	-9.440587e-09	-6.707788e-09	-4.971406e+01	-1.970124e+03
6.100000e-07	-9.395199e-09	-6.693061e-09	-4.947490e+01	-1.965933e+03
6.200000e-07	-9.349130e-09	-6.682537e-09	-4.923218e+01	-1.962906e+03
6.300000e-07	-9.302419e-09	-6.673503e-09	-4.898614e+01	-1.960277e+03
6.400000e-07	-9.255109e-09	-6.665603e-09	-4.873693e+01	-1.957950e+03
6.500000e-07	-9.207148e-09	-6.658173e-09	-4.848419e+01	-1.955672e+03
6.600000e-07	-9.158427e-09	-6.647435e-09	-4.822740e+01	-1.952480e+03
6.700000e-07	-9.108810e-09	-6.636731e-09	-4.796587e+01	-1.949342e+03
6.800000e-07	-9.058259e-09	-6.626177e-09	-4.769940e+01	-1.946228e+03
6.900000e-07	-9.006832e-09	-6.613491e-09	-4.742840e+01	-1.942560e+03
7.000000e-07	-8.954633e-09	-6.603757e-09	-4.715343e+01	-1.939727e+03
7.100000e-07	-8.901774e-09	-6.593889e-09	-4.687502e+01	-1.936806e+03
7.200000e-07	-8.848270e-09	-6.579188e-09	-4.659321e+01	-1.932564e+03
7.300000e-07	-8.794141e-09	-6.567796e-09	-4.630809e+01	-1.929254e+03
7.400000e-07	-8.739460e-09	-6.560557e-09	-4.602006e+01	-1.927008e+03
7.500000e-07	-8.684258e-09	-6.547633e-09	-4.572928e+01	-1.923166e+03
7.600000e-07	-8.628532e-09	-6.531855e-09	-4.543573e+01	-1.918608e+03
7.700000e-07	-8.572241e-09	-6.520163e-09	-4.513917e+01	-1.915179e+03
7.800000e-07	-8.515288e-09	-6.508317e-09	-4.483902e+01	-1.911694e+03
7.900000e-07	-8.457592e-09	-6.494783e-09	-4.453495e+01	-1.907773e+03
8.000000e-07	-8.399147e-09	-6.483389e-09	-4.422702e+01	-1.904411e+03
8.100000e-07	-8.340010e-09	-6.471114e-09	-4.391550e+01	-1.900755e+03
8.200000e-07	-8.280253e-09	-6.455373e-09	-4.360075e+01	-1.896166e+03
8.300000e-07	-8.219924e-09	-6.440634e-09	-4.328301e+01	-1.891880e+03
8.400000e-07	-8.159047e-09	-6.427837e-09	-4.296236e+01	-1.888112e+03
8.500000e-07	-8.097590e-09	-6.413596e-09	-4.263864e+01	-1.883932e+03
8.600000e-07	-8.035562e-09	-6.398256e-09	-4.231194e+01	-1.879467e+03
8.700000e-07	-7.973061e-09	-6.384115e-09	-4.198275e+01	-1.875322e+03
8.800000e-07	-7.910118e-09	-6.369674e-09	-4.165123e+01	-1.871081e+03
8.900000e-07	-7.846692e-09	-6.354367e-09	-4.131719e+01	-1.866612e+03
9.000000e-07	-7.782763e-09	-6.339483e-09	-4.098053e+01	-1.862252e+03
9.100000e-07	-7.718305e-09	-6.324157e-09	-4.064105e+01	-1.857757e+03
9.200000e-07	-7.653241e-09	-6.307382e-09	-4.029837e+01	-1.852872e+03
9.300000e-07	-7.587534e-09	-6.291012e-09	-3.995229e+01	-1.848093e+03
9.400000e-07	-7.521189e-09	-6.275755e-09	-3.960280e+01	-1.843599e+03
9.500000e-07	-7.454210e-09	-6.259982e-09	-3.925003e+01	-1.838952e+03
9.600000e-07	-7.386640e-09	-6.242665e-09	-3.889423e+01	-1.833894e+03
9.700000e-07	-7.318569e-09	-6.224766e-09	-3.853581e+01	-1.828681e+03
9.800000e-07	-7.250040e-09	-6.206922e-09	-3.817496e+01	-1.823479e+03
9.900000e-07	-7.181045e-09	-6.189627e-09	-3.781161e+01	-1.818415e+03
1.000000e-06	-7.111568e-09	-6.173060e-09	-3.744568e+01	-1.813518e+03
1.010000e-06	-7.041603e-09	-6.155629e-09	-3.707721e+01	-1.808377e+03
1.020000e-06	-6.971175e-09	-6.136638e-09	-3.670636e+01	-1.802831e+03
1.030000e-06	-6.900336e-09	-6.117779e-09	-3.633329e+01	-1.797327e+03
1.040000e-06	-6.829071e-09	-6.099519e-09	-3.595789e+01	-1.791967e+03
1.050000e-06	-6.757309e-09	-6.080637e-09	-3.557986e+01	-1.786429e+03
1.060000e-06	-6.685004e-09	-6.060589e-09	-3.519899e+01	-1.780574e+03
1.070000e-06	-6.612139e-09	-6.040112e-09	-3.481518e+01	-1.774593e+03
1.080000e-06	-6.538720e-09	-6.019687e-09	-3.442844e+01	-1.768614e+03
1.090000e-06	-6.464726e-09	-5.999097e-09	-3.403863e+01	-1.762590e+03
1.100000e-06	-6.390132e-09	-5.978271e-09	-3.364567e+01	-1.756495e+03
1.110000e-06	-6.314945e-09	-5.956999e-09	-3.324965e+01	-1.750265e+03
1.120000e-06	-6.239213e-09	-5.935575e-09	-3.285081e+01	-1.743984e+03
1.130000e-06	-6.162990e-09	-5.914353e-09	-3.244939e+01	-1.737752e+03
1.140000e-06	-6.086330e-09	-5.893349e-09	-3.204566e+01	-1.731568e+03
1.150000e-06	-6.009243e-09	-5.871821e-09	-3.163964e+01	-1.725250e+03
1.160000e-06	-5.931697e-09	-5.849086e-09	-3.123117e+01	-1.718613e+03
1.170000e-06	-5.853685e-09	-5.825717e-09	-3.082026e+01	-1.711783e+03
1.180000e-06	-5.775189e-09	-5.802449e-09	-3.040680e+01	-1.704960e+03
1.190000e-06	-5.696224e-09	-5.779243e-09	-2.999085e+01	-1.698158e+03
1.200000e-06	-5.616797e-09	-5.756259e-09	-2.957248e+01	-1.691410e+03
1.210000e-06	-5.536878e-09	-5.732909e-09	-2.915154e+01	-1.684550e+03
1.220000e-06	-5.456473e-09	-5.708898e-09	-2.872808e+01	-1.677499e+03
1.230000e-06	-5.375599e-09	-5.684325e-09	-2.830214e+01	-1.670285e+03
1.240000e-06	-5.294298e-09	-5.658955e-09	-2.787398e+01	-1.662856e+03
1.250000e-06	-5.212619e-09	-5.632492e-09	-2.744388e+01	-1.655145e+03
1.260000e-06	-5.130626e-09	-5.605654e-09	-2.701215e+01	-1.647331e+03
1.270000e-06	-5.048369e-09	-5.579409e-09	-2.657901e+01	-1.639619e+03
1.280000e-06	-4.965853e-09	-5.553083e-09	-2.614451e+01	-1.631844e+03
1.290000e-06	-4.883077e-09	-5.526619e-09	-2.570865e+01	-1.624044e+03
1.300000e-06	-4.800032e-09	-5.500390e-09	-2.527136e+01	-1.616312e+03
1.310000e-06	-4.716687e-09	-5.472703e-09	-2.483249e+01	-1.608177e+03
1.320000e-06	-4.633033e-09	-5.443107e-09	-2.439198e+01	-1.599538e+03
1.330000e-06	-4.549091e-09	-5.413380e-09	-2.394992e+01	-1.590853e+03
1.340000e-06	-4.464867e-09	-5.383871e-09	-2.350636e+01	-1.582187e+03
1.350000e-06	-4.380360e-09	-5.353947e-09	-2.306132e+01	-1.573389e+03
1.360000e-06	-4.295556e-09	-5.323872e-09	-2.261473e+01	-1.564544e+03
1.370000e-06	-4.210458e-09	-5.293537e-09	-2.216658e+01	-1.555609e+03
1.380000e-06	-4.125081e-09	-5.262305e-09	-2.171698e+01	-1.546420e+03
1.390000e-06	-4.039433e-09	-5.230490e-09	-2.126596e+01	-1.537090e+03
1.400000e-06	-3.953542e-09	-5.198086e-09	-2.081362e+01	-1.527625e+03
1.410000e-06	-3.867419e-09	-5.164641e-09	-2.036005e+01	-1.517881e+03
1.420000e-06	-3.781068e-09	-5.130738e-09	-1.990530e+01	-1.507984e+03
1.430000e-06	-3.694511e-09	-5.097237e-09	-1.944946e+01	-1.498139e+03
1.440000e-06	-3.607740e-09	-5.063723e-09	-1.899249e+01	-1.488249e+03
1.450000e-06	-3.520738e-09	-5.029547e-09	-1.853436e+01	-1.478189e+03
1.460000e-06	-3.433522e-09	-4.995056e-09	-1.807509e+01	-1.468060e+03
1.470000e-06	-3.346097e-09	-4.959854e-09	-1.761471e+01	-1.457743e+03
1.480000e-06	-3.258396e-09	-4.923568e-09	-1.715286e+01	-1.447140e+03
1.490000e-06	-3.170390e-09	-4.887307e-09	-1.668937e+01	-1.436518e+03
1.500000e-06	-3.082109e-09	-4.850819e-09	-1.622439e+01	-1.425802e+03
1.510000e-06	-2.993553e-09	-4.813414e-09	-1.575790e+01	-1.414840e+03
1.520000e-06	-2.904737e-09	-4.775546e-09	-1.529009e+01	-1.403736e+03
1.530000e-06	-2.815720e-09	-4.737433e-09	-1.482124e+01	-1.392519e+03
1.540000e-06	-2.726544e-09	-4.698644e-09	-1.435154e+01	-1.381099e+03
1.550000e-06	-2.637211e-09	-4.659141e-09	-1.388103e+01	-1.369486e+03
1.560000e-06	-2.547717e-09	-4.619087e-09	-1.340968e+01	-1.357729e+03
1.570000e-06	-2.458063e-09	-4.578264e-09	-1.293745e+01	-1.345756e+03
1.580000e-06	-2.368248e-09	-4.536635e-09	-1.246437e+01	-1.333545e+03
1.590000e-06	-2.278263e-09	-4.494395e-09	-1.199040e+01	-1.321143e+03
1.600000e-06	-2.188106e-09	-4.451425e-09	-1.151551e+01	-1.308522e+03
1.610000e-06	-2.097767e-09	-4.407795e-09	-1.103965e+01	-1.295706e+03
1.620000e-06	-2.007224e-09	-4.363599e-09	-1.056279e+01	-1.282708e+03
1.630000e-06	-1.916481e-09	-4.318683e-09	-1.008487e+01	-1.269485e+03
1.640000e-06	-1.825557e-09	-4.272739e-09	-9.605969e+00	-1.255973e+03
1.650000e-06	-1.734453e-09	-4.225320e-09	-9.126110e+00	-1.242066e+03
1.660000e-06	-1.643167e-09	-4.176971e-09	-8.645322e+00	-1.227926e+03
1.670000e-06	-1.551746e-09	-4.128870e-09	-8.163874e+00	-1.213839e+03
1.680000e-06	-1.460234e-09	-4.081012e-09	-7.681945e+00	-1.199766e+03
1.690000e-06	-1.368643e-09	-4.032365e-09	-7.199601e+00	-1.185444e+03
1.700000e-06	-1.276969e-09	-3.982716e-09	-6.716889e+00	-1.170833e+03
1.710000e-06	-1.185216e-09	-3.931951e-09	-6.233783e+00	-1.155910e+03
1.720000e-06	-1.093373e-09	-3.879973e-09	-5.750177e+00	-1.140622e+03
1.730000e-06	-1.001453e-09	-3.826761e-09	-5.266159e+00	-1.124951e+03
1.740000e-06	-9.094690e-10	-3.772235e-09	-4.781799e+00	-1.108900e+03
1.750000e-06	-8.173985e-10	-3.716458e-09	-4.296979e+00	-1.092502e+03
1.760000e-06	-7.252277e-10	-3.660117e-09	-3.811641e+00	-1.075931e+03
1.770000e-06	-6.329783e-10	-3.603635e-09	-3.325904e+00	-1.059287e+03
1.780000e-06	-5.406723e-10	-3.546097e-09	-2.839864e+00	-1.042321e+03
1.790000e-06	-4.483135e-10	-3.486749e-09	-2.353536e+00	-1.024836e+03
1.800000e-06	-3.559265e-10	-3.425757e-09	-1.867048e+00	-1.006878e+03
1.810000e-06	-2.635276e-10	-3.363480e-09	-1.380510e+00	-9.885476e+02
1.820000e-06	-1.711418e-10	-3.299827e-09	-8.940630e-01	-9.698256e+02
1.830000e-06	-7.877669e-11	-3.234852e-09	-4.077342e-01	-9.507041e+02
1.840000e-06	1.356474e-11	-3.168617e-09	7.847102e-02	-9.311941e+02
1.850000e-06	1.058733e-10	-3.100973e-09	5.645126e-01	-9.112767e+02
1.860000e-06	1.981528e-10	-3.032598e-09	1.050377e+00	-8.911232e+02
1.870000e-06	2.904246e-10	-2.963692e-09	1.536184e+00	-8.707541e+02
1.880000e-06	3.826898e-10	-2.892767e-09	2.021981e+00	-8.497819e+02
1.890000e-06	4.749420e-10	-2.819273e-09	2.507735e+00	-8.280756e+02
1.900000e-06	5.671882e-10	-2.743583e-09	2.993436e+00	-8.057383e+02
1.910000e-06	6.594199e-10	-2.665797e-09	3.479053e+00	-7.827990e+02
1.920000e-06	7.516119e-10	-2.586319e-09	3.964501e+00	-7.593463e+02
1.930000e-06	8.437535e-10	-2.504835e-09	4.449675e+00	-7.352658e+02
1.940000e-06	9.358418e-10	-2.420466e-09	4.934528e+00	-7.103292e+02
1.950000e-06	1.027850e-09	-2.333285e-09	5.418958e+00	-6.845686e+02
1.960000e-06	1.119759e-09	-2.243955e-09	5.902901e+00	-6.581447e+02
1.970000e-06	1.211557e-09	-2.152455e-09	6.386284e+00	-6.310545e+02
1.980000e-06	1.303223e-09	-2.057994e-09	6.868980e+00	-6.030969e+02
1.990000e-06	1.394753e-09	-1.960375e-09	7.350981e+00	-5.742382e+02
2.000000e-06	1.486158e-09	-1.859656e-09	7.832314e+00	-5.444923e+02
2.010000e-06	1.577440e-09	-1.755752e-09	8.312985e+00	-5.137837e+02
2.020000e-06	1.668609e-09	-1.648717e-09	8.793050e+00	-4.820859e+02
2.030000e-06	1.759675e-09	-1.537851e-09	9.272642e+00	-4.492233e+02
2.040000e-06	1.850623e-09	-1.422547e-09	9.751691e+00	-4.150481e+02
2.050000e-06	1.941433e-09	-1.303091e-09	1.023005e+01	-3.796390e+02
2.060000e-06	2.032091e-09	-1.179637e-09	1.070767e+01	-3.430448e+02
2.070000e-06	2.122587e-09	-1.052160e-09	1.118446e+01	-3.052545e+02
2.080000e-06	2.212896e-09	-9.207383e-10	1.166020e+01	-2.662729e+02
2.090000e-06	2.302996e-09	-7.850612e-10	1.213479e+01	-2.260174e+02
2.100000e-06	2.392884e-09	-6.448379e-10	1.260827e+01	-1.844247e+02
2.110000e-06	2.482569e-09	-5.005001e-10	1.308069e+01	-1.416214e+02
2.120000e-06	2.572057e-09	-3.525449e-10	1.355208e+01	-9.774252e+01
2.130000e-06	2.661350e-09	-2.009916e-10	1.402245e+01	-5.280827e+01
2.140000e-06	2.750454e-09	-4.578392e-11	1.449181e+01	-6.832144e+00
2.150000e-06	2.839373e-09	1.122945e-10	1.496015e+01	3.995900e+01
2.160000e-06	2.928095e-09	2.719554e-10	1.542741e+01	8.721584e+01
2.170000e-06	3.016626e-09	4.323836e-10	1.589363e+01	1.347162e+02
2.180000e-06	3.104950e-09	5.935716e-10	1.635880e+01	1.824342e+02
2.190000e-06	3.193016e-09	7.556945e-10	1.682263e+01	2.303793e+02
2.200000e-06	3.280822e-09	9.182384e-10	1.728508e+01	2.783690e+02
2.210000e-06	3.368393e-09	1.080238e-09	1.774631e+01	3.261340e+02
2.220000e-06	3.455719e-09	1.240594e-09	1.820623e+01	3.733776e+02
2.230000e-06	3.542776e-09	1.398690e-09	1.866465e+01	4.199313e+02
2.240000e-06	3.629565e-09	1.554213e-09	1.912164e+01	4.657118e+02
2.250000e-06	3.716095e-09	1.706424e-09	1.957732e+01	5.104927e+02
2.260000e-06	3.802373e-09	1.855268e-09	2.003167e+01	5.542541e+02
2.270000e-06	3.888398e-09	2.001486e-09	2.048469e+01	5.972121e+02
2.280000e-06	3.974165e-09	2.144607e-09	2.093632e+01	6.392422e+02
2.290000e-06	4.059682e-09	2.283995e-09	2.138663e+01	6.801664e+02
2.300000e-06	4.144941e-09	2.419783e-09	2.183565e+01	7.200027e+02
2.310000e-06	4.229959e-09	2.551558e-09	2.228337e+01	7.586512e+02
2.320000e-06	4.314754e-09	2.678979e-09	2.272985e+01	7.960443e+02
2.330000e-06	4.399316e-09	2.802620e-09	2.317508e+01	8.323199e+02
2.340000e-06	4.483623e-09	2.923628e-09	2.361894e+01	8.677501e+02
2.350000e-06	4.567629e-09	3.041889e-09	2.406122e+01	9.023130e+02
2.360000e-06	4.651316e-09	3.156488e-09	2.450187e+01	9.357937e+02
2.370000e-06	4.734670e-09	3.266913e-09	2.494080e+01	9.680638e+02
2.380000e-06	4.817685e-09	3.372640e-09	2.537795e+01	9.990057e+02
2.390000e-06	4.900376e-09	3.474410e-09	2.581341e+01	1.028829e+03
2.400000e-06	4.982741e-09	3.573316e-09	2.624714e+01	1.057800e+03
2.410000e-06	5.064776e-09	3.669372e-09	2.667913e+01	1.085911e+03
2.420000e-06	5.146474e-09	3.763095e-09	2.710932e+01	1.113307e+03
2.430000e-06	5.227823e-09	3.854978e-09	2.753768e+01	1.140110e+03
2.440000e-06	5.308823e-09	3.944167e-09	2.796420e+01	1.166102e+03
2.450000e-06	5.389426e-09	4.029918e-09	2.838859e+01	1.191097e+03
2.460000e-06	5.469611e-09	4.111672e-09	2.881079e+01	1.214961e+03
2.470000e-06	5.549395e-09	4.189533e-09	2.923095e+01	1.237745e+03
2.480000e-06	5.628764e-09	4.264802e-09	2.964894e+01	1.259792e+03
2.490000e-06	5.707700e-09	4.338419e-09	3.006460e+01	1.281333e+03
2.500000e-06	5.786164e-09	4.410751e-09	3.047776e+01	1.302452e+03
2.510000e-06	5.864144e-09	4.481659e-09	3.088837e+01	1.323106e+03
2.520000e-06	5.941659e-09	4.550564e-09	3.129651e+01	1.343150e+03
2.530000e-06	6.018715e-09	4.617199e-09	3.170224e+01	1.362538e+03
2.540000e-06	6.095334e-09	4.681353e-09	3.210569e+01	1.381243e+03
2.550000e-06	6.171522e-09	4.743184e-09	3.250685e+01	1.399298e+03
2.560000e-06	6.247238e-09	4.803203e-09	3.290554e+01	1.416828e+03
2.570000e-06	6.322441e-09	4.861561e-09	3.330155e+01	1.433877e+03
2.580000e-06	6.397084e-09	4.918424e-09	3.369466e+01	1.450471e+03
2.590000e-06	6.471157e-09	4.974003e-09	3.408479e+01	1.466660e+03
2.600000e-06	6.544700e-09	5.028121e-09	3.447212e+01	1.482412e+03
2.610000e-06	6.617733e-09	5.080212e-09	3.485681e+01	1.497590e+03
2.620000e-06	6.690251e-09	5.130393e-09	3.523878e+01	1.512221e+03
2.630000e-06	6.762234e-09	5.179240e-09	3.561784e+01	1.526451e+03
2.640000e-06	6.833684e-09	5.226848e-09	3.599403e+01	1.540324e+03
2.650000e-06	6.904637e-09	5.273446e-09	3.636758e+01	1.553921e+03
2.660000e-06	6.975112e-09	5.319036e-09	3.673867e+01	1.567226e+03
2.670000e-06	7.045111e-09	5.363135e-09	3.710728e+01	1.580097e+03
2.680000e-06	7.114615e-09	5.406083e-09	3.747327e+01	1.592612e+03
2.690000e-06	7.183634e-09	5.448218e-09	3.783672e+01	1.604856e+03
2.700000e-06	7.252209e-09	5.489347e-09	3.819783e+01	1.616795e+03
2.710000e-06	7.320360e-09	5.529432e-09	3.855667e+01	1.628438e+03
2.720000e-06	7.388058e-09	5.568295e-09	3.891309e+01	1.639738e+03
2.730000e-06	7.455234e-09	5.605779e-09	3.926678e+01	1.650656e+03
2.740000e-06	7.521812e-09	5.642142e-09	3.961738e+01	1.661273e+03
2.750000e-06	7.587751e-09	5.677729e-09	3.996465e+01	1.671667e+03
2.760000e-06	7.653046e-09	5.712689e-09	4.030852e+01	1.681870e+03
2.770000e-06	7.717714e-09	5.746995e-09	4.064906e+01	1.691879e+03
2.780000e-06	7.781797e-09	5.780798e-09	4.098648e+01	1.701722e+03
2.790000e-06	7.845327e-09	5.814282e-09	4.132096e+01	1.711436e+03
2.800000e-06	7.908343e-09	5.847084e-09	4.165273e+01	1.720940e+03
2.810000e-06	7.970869e-09	5.878531e-09	4.198192e+01	1.730078e+03
2.820000e-06	8.032892e-09	5.908327e-09	4.230844e+01	1.738767e+03
2.830000e-06	8.094400e-09	5.936874e-09	4.263225e+01	1.747096e+03
2.840000e-06	8.155402e-09	5.964679e-09	4.295341e+01	1.755197e+03
2.850000e-06	8.215927e-09	5.992144e-09	4.327206e+01	1.763187e+03
2.860000e-06	8.275987e-09	6.019243e-09	4.358825e+01	1.771070e+03
2.870000e-06	8.335523e-09	6.045835e-09	4.390168e+01	1.778796e+03
2.880000e-06	8.394438e-09	6.071950e-09	4.421186e+01	1.786363e+03
2.890000e-06	8.452630e-09	6.097110e-09	4.451826e+01	1.793663e+03
2.900000e-06	8.510044e-09	6.121277e-09	4.482055e+01	1.800686e+03
2.910000e-06	8.566705e-09	6.144919e-09	4.511887e+01	1.807549e+03
2.920000e-06	8.622690e-09	6.167796e-09	4.541361e+01	1.814198e+03
2.930000e-06	8.678071e-09	6.190045e-09	4.570518e+01	1.820674e+03
2.940000e-06	8.732890e-09	6.212251e-09	4.599380e+01	1.827123e+03
2.950000e-06	8.787144e-09	6.234294e-09	4.627944e+01	1.833517e+03
2.960000e-06	8.840811e-09	6.255798e-09	4.656198e+01	1.839775e+03
2.970000e-06	8.893871e-09	6.276805e-09	4.684132e+01	1.845892e+03
2.980000e-06	8.946293e-09	6.297214e-09	4.711737e+01	1.851819e+03
2.990000e-06	8.998037e-09	6.316973e-09	4.738994e+01	1.857545e+03
3.000000e-06	9.048997e-09	6.336359e-09	4.765838e+01	1.863164e+03
3.010000e-06	9.099074e-09	6.355237e-09	4.792215e+01	1.868642e+03
3.020000e-06	9.148274e-09	6.373422e-09	4.818133e+01	1.873938e+03
3.030000e-06	9.196685e-09	6.391322e-09	4.843636e+01	1.879154e+03
3.040000e-06	9.244420e-09	6.409216e-09	4.868779e+01	1.884341e+03
3.050000e-06	9.291533e-09	6.426813e-09	4.893589e+01	1.889430e+03
3.060000e-06	9.338019e-09	6.443619e-09	4.918069e+01	1.894304e+03
3.070000e-06	9.383839e-09	6.459319e-09	4.942203e+01	1.898876e+03
3.080000e-06	9.429005e-09	6.474207e-09	4.965993e+01	1.903220e+03
3.090000e-06	9.473566e-09	6.488665e-09	4.989466e+01	1.907424e+03
3.100000e-06	9.517605e-09	6.502904e-09	5.012659e+01	1.911550e+03
3.110000e-06	9.561124e-09	6.517029e-09	5.035576e+01	1.915641e+03
3.120000e-06	9.603998e-09	6.530897e-09	5.058157e+01	1.919669e+03
3.130000e-06	9.646061e-09	6.544397e-09	5.080317e+01	1.923593e+03
3.140000e-06	9.687220e-09	6.557384e-09	5.102005e+01	1.927359e+03
3.150000e-06	9.727569e-09	6.569814e-09	5.123260e+01	1.930962e+03
3.160000e-06	9.767259e-09	6.581691e-09	5.144158e+01	1.934410e+03
3.170000e-06	9.806347e-09	6.592825e-09	5.164736e+01	1.937665e+03
3.180000e-06	9.844800e-09	6.603799e-09	5.184982e+01	1.940884e+03
3.190000e-06	9.882556e-09	6.615066e-09	5.204864e+01	1.944164e+03
3.200000e-06	9.919597e-09	6.626025e-09	5.224369e+01	1.947337e+03
3.210000e-06	9.955979e-09	6.636468e-09	5.243525e+01	1.950365e+03
3.220000e-06	9.991803e-09	6.646704e-09	5.262386e+01	1.953343e+03
3.230000e-06	1.002706e-08	6.656717e-09	5.280950e+01	1.956266e+03
3.240000e-06	1.006156e-08	6.666635e-09	5.299119e+01	1.959157e+03
3.250000e-06	1.009510e-08	6.676269e-09	5.316789e+01	1.961969e+03
3.260000e-06	1.012771e-08	6.685345e-09	5.333978e+01	1.964622e+03
3.270000e-06	1.015963e-08	6.694006e-09	5.350790e+01	1.967155e+03
3.280000e-06	1.019093e-08	6.702660e-09	5.367279e+01	1.969697e+03
3.290000e-06	1.022158e-08	6.711789e-09	5.383422e+01	1.972356e+03
3.300000e-06	1.025154e-08	6.720975e-09	5.399197e+01	1.975014e+03
3.310000e-06	1.028077e-08	6.729537e-09	5.414593e+01	1.977507e+03
3.320000e-06	1.030932e-08	6.737524e-09	5.429626e+01	1.979853e+03
3.330000e-06	1.033728e-08	6.745361e-09	5.444351e+01	1.982152e+03
3.340000e-06	1.036467e-08	6.753381e-09	5.458774e+01	1.984480e+03
3.350000e-06	1.039126e-08	6.761166e-09	5.472774e+01	1.986735e+03
3.360000e-06	1.041681e-08	6.768240e-09	5.486234e+01	1.988798e+03
3.370000e-06	1.044138e-08	6.775159e-09	5.499177e+01	1.990820e+03
3.380000e-06	1.046517e-08	6.782276e-09	5.511708e+01	1.992893e+03
3.390000e-06	1.048829e-08	6.789393e-09	5.523880e+01	1.994957e+03
3.400000e-06	1.051070e-08	6.796332e-09	5.535674e+01	1.996972e+03
3.410000e-06	1.053239e-08	6.802932e-09	5.547094e+01	1.998902e+03
3.420000e-06	1.055339e-08	6.809238e-09	5.558149e+01	2.000747e+03
3.430000e-06	1.057374e-08	6.815274e-09	5.568860e+01	2.002506e+03
3.440000e-06	1.059352e-08	6.821196e-09	5.579268e+01	2.004216e+03
3.450000e-06	1.061269e-08	6.826994e-09	5.589357e+01	2.005893e+03
3.460000e-06	1.063109e-08	6.832416e-09	5.599038e+01	2.007480e+03
3.470000e-06	1.064867e-08	6.837490e-09	5.608292e+01	2.008963e+03
3.480000e-06	1.066553e-08	6.842591e-09	5.617170e+01	2.010442e+03
3.490000e-06	1.068162e-08	6.847597e-09	5.625642e+01	2.011892e+03
3.500000e-06	1.069682e-08	6.852290e-09	5.633635e+01	2.013249e+03
3.510000e-06	1.071112e-08	6.856830e-09	5.641159e+01	2.014560e+03
3.520000e-06	1.072463e-08	6.860764e-09	5.648269e+01	2.015710e+03
3.530000e-06	1.073738e-08	6.863974e-09	5.654979e+01	2.016657e+03
3.540000e-06	1.074940e-08	6.867100e-09	5.661300e+01	2.017571e+03
3.550000e-06	1.076064e-08	6.870442e-09	5.667211e+01	2.018533e+03
3.560000e-06	1.077086e-08	6.873648e-09	5.672595e+01	2.019468e+03
3.570000e-06	1.077997e-08	6.876678e-09	5.677390e+01	2.020355e+03
3.580000e-06	1.078818e-08	6.879355e-09	5.681713e+01	2.021127e+03
3.590000e-06	1.079572e-08	6.881322e-09	5.685683e+01	2.021703e+03
3.600000e-06	1.080259e-08	6.883190e-09	5.689294e+01	2.022248e+03
3.610000e-06	1.080870e-08	6.885098e-09	5.692509e+01	2.022784e+03
3.620000e-06	1.081402e-08	6.886486e-09	5.695311e+01	2.023181e+03
3.630000e-06	1.081861e-08	6.887355e-09	5.697721e+01	2.023447e+03
3.640000e-06	1.082261e-08	6.887849e-09	5.699824e+01	2.023608e+03
3.650000e-06	1.082607e-08	6.888411e-09	5.701637e+01	2.023788e+03
3.660000e-06	1.082870e-08	6.889364e-09	5.703018e+01	2.024068e+03
3.670000e-06	1.083026e-08	6.890328e-09	5.703836e+01	2.024326e+03
3.680000e-06	1.083086e-08	6.890510e-09	5.704145e+01	2.024353e+03
3.690000e-06	1.083075e-08	6.890405e-09	5.704076e+01	2.024301e+03
3.700000e-06	1.083000e-08	6.890638e-09	5.703678e+01	2.024338e+03
3.710000e-06	1.082857e-08	6.890515e-09	5.702917e+01	2.024309e+03
3.720000e-06	1.082644e-08	6.890039e-09	5.701786e+01	2.024216e+03
3.730000e-06	1.082361e-08	6.888860e-09	5.700289e+01	2.023909e+03
3.740000e-06	1.082011e-08	6.887088e-09	5.698438e+01	2.023418e+03
3.750000e-06	1.081608e-08	6.886193e-09	5.696309e+01	2.023148e+03
3.760000e-06	1.081154e-08	6.883390e-09	5.693912e+01	2.022315e+03
3.770000e-06	1.080626e-08	6.877636e-09	5.691122e+01	2.020808e+03
3.780000e-06	1.079994e-08	6.889591e-09	5.687782e+01	2.024297e+03
3.790000e-06	1.079240e-08	6.915691e-09	5.683799e+01	2.031277e+03
3.800000e-06	1.078352e-08	6.902270e-09	5.679110e+01	2.027109e+03
3.810000e-06	1.077343e-08	6.842952e-09	5.673790e+01	2.010850e+03
3.820000e-06	1.076279e-08	6.825041e-09	5.668186e+01	2.006396e+03
3.830000e-06	1.075210e-08	6.884148e-09	5.662558e+01	2.022368e+03
3.840000e-06	1.074097e-08	6.906177e-09	5.656687e+01	2.027622e+03
3.850000e-06	1.072873e-08	6.839967e-09	5.650226e+01	2.009909e+03
3.860000e-06	1.071549e-08	6.833726e-09	5.643246e+01	2.009145e+03
3.870000e-06	1.070167e-08	6.912184e-09	5.635963e+01	2.030052e+03
3.880000e-06	1.068703e-08	6.902297e-09	5.628247e+01	2.026437e+03
3.890000e-06	1.067129e-08	6.829896e-09	5.619951e+01	2.007235e+03
3.900000e-06	1.065478e-08	6.861968e-09	5.611255e+01	2.016518e+03
3.910000e-06	1.063773e-08	6.921136e-09	5.602272e+01	2.031724e+03
3.920000e-06	1.061990e-08	6.867310e-09	5.592876e+01	2.016894e+03
3.930000e-06	1.060124e-08	6.839532e-09	5.583039e+01	2.010416e+03
3.940000e-06	1.058194e-08	6.914555e-09	5.572870e+01	2.030594e+03
3.950000e-06	1.056197e-08	6.910914e-09	5.562348e+01	2.028570e+03
3.960000e-06	1.054114e-08	6.838552e-09	5.551368e+01	2.009443e+03
3.970000e-06	1.051939e-08	6.873275e-09	5.539895e+01	2.019543e+03
3.980000e-06	1.049673e-08	6.922112e-09	5.527947e+01	2.031809e+03
3.990000e-06	1.047321e-08	6.865437e-09	5.515560e+01	2.016328e+03
4.000000e-06	1.044899e-08	6.866672e-09	5.502808e+01	2.017783e+03
4.010000e-06	1.042412e-08	6.939484e-09	5.489709e+01	2.037075e+03
4.020000e-06	1.039851e-08	6.906765e-09	5.476219e+01	2.027497e+03
4.030000e-06	1.037218e-08	6.864730e-09	5.462344e+01	2.017124e+03
4.040000e-06	1.034516e-08	6.923084e-09	5.448111e+01	2.033145e+03
4.050000e-06	1.031750e-08	6.913280e-09	5.433547e+01	2.029483e+03
4.060000e-06	1.028927e-08	6.846006e-09	5.418681e+01	2.011910e+03
4.070000e-06	1.026035e-08	6.884404e-09	5.403444e+01	2.022822e+03
4.080000e-06	1.023046e-08	6.898582e-09	5.387693e+01	2.025541e+03
4.090000e-06	1.019955e-08	6.835412e-09	5.371405e+01	2.008614e+03
4.100000e-06	1.016775e-08	6.861914e-09	5.354650e+01	2.016303e+03
4.110000e-06	1.013517e-08	6.883897e-09	5.337489e+01	2.021146e+03
4.120000e-06	1.010195e-08	6.827741e-09	5.319986e+01	2.005949e+03
4.130000e-06	1.006812e-08	6.841733e-09	5.302167e+01	2.010243e+03
4.140000e-06	1.003363e-08	6.859059e-09	5.284002e+01	2.014020e+03
4.150000e-06	9.998507e-09	6.818917e-09	5.265509e+01	2.003263e+03
4.160000e-06	9.962799e-09	6.833179e-09	5.246710e+01	2.007518e+03
4.170000e-06	9.926472e-09	6.838006e-09	5.227579e+01	2.007897e+03
4.180000e-06	9.889425e-09	6.797548e-09	5.208059e+01	1.996980e+03
4.190000e-06	9.851529e-09	6.809427e-09	5.188084e+01	2.000565e+03
4.200000e-06	9.812702e-09	6.814238e-09	5.167621e+01	2.001143e+03
4.210000e-06	9.773021e-09	6.779484e-09	5.146717e+01	1.991702e+03
4.220000e-06	9.732667e-09	6.784793e-09	5.125462e+01	1.993415e+03
4.230000e-06	9.691695e-09	6.789021e-09	5.103880e+01	1.993958e+03
4.240000e-06	9.650030e-09	6.759794e-09	5.081931e+01	1.985813e+03
4.250000e-06	9.607643e-09	6.755665e-09	5.059601e+01	1.984771e+03
4.260000e-06	9.564593e-09	6.758372e-09	5.036924e+01	1.985082e+03
4.270000e-06	9.520985e-09	6.738613e-09	5.013957e+01	1.979458e+03
4.280000e-06	9.476879e-09	6.726601e-09	4.990727e+01	1.976153e+03
4.290000e-06	9.432249e-09	6.724031e-09	4.967219e+01	1.975209e+03
4.300000e-06	9.386997e-09	6.714589e-09	4.943383e+01	1.972414e+03
4.310000e-06	9.341043e-09	6.703113e-09	4.919175e+01	1.969127e+03
4.320000e-06	9.294398e-09	6.691355e-09	4.894604e+01	1.965682e+03
4.330000e-06	9.247109e-09	6.679395e-09	4.869693e+01	1.962203e+03
4.340000e-06	9.199146e-09	6.669905e-09	4.844423e+01	1.959424e+03
4.350000e-06	9.150412e-09	6.660018e-09	4.818741e+01	1.956485e+03
4.360000e-06	9.100882e-09	6.649816e-09	4.792639e+01	1.953493e+03
4.370000e-06	9.050610e-09	6.641604e-09	4.766155e+01	1.951052e+03
4.380000e-06	8.999639e-09	6.628497e-09	4.739304e+01	1.947190e+03
4.390000e-06	8.947956e-09	6.612026e-09	4.712078e+01	1.942476e+03
4.400000e-06	8.895534e-09	6.603196e-09	4.684458e+01	1.939902e+03
4.410000e-06	8.842339e-09	6.592980e-09	4.656423e+01	1.936850e+03
4.420000e-06	8.788355e-09	6.575352e-09	4.627977e+01	1.931811e+03
4.430000e-06	8.733619e-09	6.564872e-09	4.599140e+01	1.928762e+03
4.440000e-06	8.678181e-09	6.558697e-09	4.569939e+01	1.926755e+03
4.450000e-06	8.622103e-09	6.544209e-09	4.540405e+01	1.922476e+03
4.460000e-06	8.565454e-09	6.528761e-09	4.510568e+01	1.918020e+03
4.470000e-06	8.508247e-09	6.516626e-09	4.480437e+01	1.914452e+03
4.480000e-06	8.450450e-09	6.500606e-09	4.449994e+01	1.909813e+03
4.490000e-06	8.392030e-09	6.483459e-09	4.419220e+01	1.904920e+03
4.500000e-06	8.333018e-09	6.472521e-09	4.388135e+01	1.901699e+03
4.510000e-06	8.273457e-09	6.462053e-09	4.356761e+01	1.898525e+03
4.520000e-06	8.213326e-09	6.446663e-09	4.325086e+01	1.894002e+03
4.530000e-06	8.152616e-09	6.431213e-09	4.293105e+01	1.889483e+03
4.540000e-06	8.091303e-09	6.416763e-09	4.260803e+01	1.885226e+03
4.550000e-06	8.029329e-09	6.400005e-09	4.228147e+01	1.880367e+03
4.560000e-06	7.966668e-09	6.383278e-09	4.195128e+01	1.875541e+03
4.570000e-06	7.903350e-09	6.368335e-09	4.161769e+01	1.871176e+03
4.580000e-06	7.839434e-09	6.353463e-09	4.128101e+01	1.866819e+03
4.590000e-06	7.774985e-09	6.338599e-09	4.094154e+01	1.862458e+03
4.600000e-06	7.710046e-09	6.324314e-09	4.059951e+01	1.858231e+03
4.610000e-06	7.644606e-09	6.309016e-09	4.025482e+01	1.853726e+03
4.620000e-06	7.578629e-09	6.291754e-09	3.990728e+01	1.848693e+03
4.630000e-06	7.512117e-09	6.273895e-09	3.955696e+01	1.843499e+03
4.640000e-06	7.445120e-09	6.257017e-09	3.920409e+01	1.838561e+03
4.650000e-06	7.377668e-09	6.240796e-09	3.884881e+01	1.833785e+03
4.660000e-06	7.309721e-09	6.224456e-09	3.849095e+01	1.828971e+03
4.670000e-06	7.241237e-09	6.207473e-09	3.813021e+01	1.823980e+03
4.680000e-06	7.172210e-09	6.189398e-09	3.776656e+01	1.818707e+03
4.690000e-06	7.102643e-09	6.170935e-09	3.740010e+01	1.813331e+03
4.700000e-06	7.032546e-09	6.152744e-09	3.703080e+01	1.807995e+03
4.710000e-06	6.961918e-09	6.134536e-09	3.665863e+01	1.802623e+03
4.720000e-06	6.890739e-09	6.115687e-09	3.628361e+01	1.797083e+03
4.730000e-06	6.819001e-09	6.096717e-09	3.590573e+01	1.791526e+03
4.740000e-06	6.746758e-09	6.078046e-09	3.552527e+01	1.786047e+03
4.750000e-06	6.674087e-09	6.058960e-09	3.514256e+01	1.780463e+03
4.760000e-06	6.600995e-09	6.039037e-09	3.475761e+01	1.774655e+03
4.770000e-06	6.527460e-09	6.018879e-09	3.437031e+01	1.768760e+03
4.780000e-06	6.453476e-09	5.998402e-09	3.398068e+01	1.762761e+03
4.790000e-06	6.379036e-09	5.977782e-09	3.358865e+01	1.756719e+03
4.800000e-06	6.304124e-09	5.957744e-09	3.319412e+01	1.750816e+03
4.810000e-06	6.228746e-09	5.937906e-09	3.279710e+01	1.744940e+03
4.820000e-06	6.152900e-09	5.916555e-09	3.239760e+01	1.738657e+03
4.830000e-06	6.076563e-09	5.893290e-09	3.199546e+01	1.731861e+03
4.840000e-06	5.999708e-09	5.869583e-09	3.159064e+01	1.724942e+03
4.850000e-06	5.922353e-09	5.846624e-09	3.118322e+01	1.718231e+03
4.860000e-06	5.844529e-09	5.824271e-09	3.077323e+01	1.711678e+03
4.870000e-06	5.766236e-09	5.801998e-09	3.036072e+01	1.705123e+03
4.880000e-06	5.687468e-09	5.779308e-09	2.994577e+01	1.698440e+03
4.890000e-06	5.608199e-09	5.755961e-09	2.952825e+01	1.691561e+03
4.900000e-06	5.528431e-09	5.731745e-09	2.910816e+01	1.684425e+03
4.910000e-06	5.448202e-09	5.706695e-09	2.868568e+01	1.677057e+03
4.920000e-06	5.367572e-09	5.680863e-09	2.826111e+01	1.669480e+03
4.930000e-06	5.286598e-09	5.654268e-09	2.783472e+01	1.661690e+03
4.940000e-06	5.205298e-09	5.627639e-09	2.740659e+01	1.653889e+03
4.950000e-06	5.123671e-09	5.601585e-09	2.697670e+01	1.646240e+03
4.960000e-06	5.041726e-09	5.575917e-09	2.654510e+01	1.638669e+03
4.970000e-06	4.959477e-09	5.549579e-09	2.611188e+01	1.630894e+03
4.980000e-06	4.876924e-09	5.521865e-09	2.567710e+01	1.622737e+03
4.990000e-06	4.794084e-09	5.493222e-09	2.524087e+01	1.614333e+03
5.000000e-06	4.710970e-09	5.464622e-09	2.480327e+01	1.605940e+03
5.010000e-06	4.627572e-09	5.435831e-09	2.436416e+01	1.597491e+03
5.020000e-06	4.543880e-09	5.406300e-09	2.392346e+01	1.588835e+03
5.030000e-06	4.459854e-09	5.376188e-09	2.348102e+01	1.580010e+03
5.040000e-06	4.375451e-09	5.345574e-09	2.303659e+01	1.571045e+03
5.050000e-06	4.290685e-09	5.314748e-09	2.259019e+01	1.562012e+03
5.060000e-06	4.205588e-09	5.284331e-09	2.214200e+01	1.553065e+03
5.070000e-06	4.120187e-09	5.253815e-09	2.169217e+01	1.544070e+03
5.080000e-06	4.034512e-09	5.222289e-09	2.124084e+01	1.534805e+03
5.090000e-06	3.948584e-09	5.189687e-09	2.078817e+01	1.525255e+03
5.100000e-06	3.862387e-09	5.156277e-09	2.033411e+01	1.515485e+03
5.110000e-06	3.775918e-09	5.122159e-09	1.987862e+01	1.505524e+03
5.120000e-06	3.689165e-09	5.088224e-09	1.942160e+01	1.495588e+03
5.130000e-06	3.602101e-09	5.054833e-09	1.896293e+01	1.485758e+03
5.140000e-06	3.514713e-09	5.021013e-09	1.850262e+01	1.475812e+03
5.150000e-06	3.427019e-09	4.986640e-09	1.804078e+01	1.465730e+03
5.160000e-06	3.339038e-09	4.951580e-09	1.757748e+01	1.455453e+03
5.170000e-06	3.250784e-09	4.915625e-09	1.711273e+01	1.444915e+03
5.180000e-06	3.162290e-09	4.878943e-09	1.664668e+01	1.434166e+03
5.190000e-06	3.073564e-09	4.841857e-09	1.617947e+01	1.423287e+03
5.200000e-06	2.984628e-09	4.804680e-09	1.571117e+01	1.412345e+03
5.210000e-06	2.895519e-09	4.767539e-09	1.524188e+01	1.401386e+03
5.220000e-06	2.806262e-09	4.730219e-09	1.477178e+01	1.390373e+03
5.230000e-06	2.716860e-09	4.691692e-09	1.430091e+01	1.379032e+03
5.240000e-06	2.627295e-09	4.651699e-09	1.382919e+01	1.367300e+03
5.250000e-06	2.537568e-09	4.610672e-09	1.335662e+01	1.355283e+03
5.260000e-06	2.447698e-09	4.568822e-09	1.288331e+01	1.343024e+03
5.270000e-06	2.357689e-09	4.526901e-09	1.240929e+01	1.330703e+03
5.280000e-06	2.267535e-09	4.484802e-09	1.193453e+01	1.318303e+03
5.290000e-06	2.177235e-09	4.441969e-09	1.145897e+01	1.305710e+03
5.300000e-06	2.086775e-09	4.398848e-09	1.098256e+01	1.293028e+03
5.310000e-06	1.996178e-09	4.355046e-09	1.050541e+01	1.280157e+03
5.320000e-06	1.905450e-09	4.309958e-09	1.002761e+01	1.266947e+03
5.330000e-06	1.814579e-09	4.264236e-09	9.549096e+00	1.253541e+03
5.340000e-06	1.723579e-09	4.217853e-09	9.069924e+00	1.239923e+03
5.350000e-06	1.632462e-09	4.170489e-09	8.590173e+00	1.226020e+03
5.360000e-06	1.541257e-09	4.122620e-09	8.109945e+00	1.211960e+03
5.370000e-06	1.449989e-09	4.074490e-09	7.629314e+00	1.197810e+03
5.380000e-06	1.358668e-09	4.025621e-09	7.148382e+00	1.183446e+03
5.390000e-06	1.267277e-09	3.975744e-09	6.667106e+00	1.168787e+03
5.400000e-06	1.175812e-09	3.924953e-09	6.185438e+00	1.153850e+03
5.410000e-06	1.084260e-09	3.873378e-09	5.703342e+00	1.138658e+03
5.420000e-06	9.926111e-10	3.820728e-09	5.220745e+00	1.123116e+03
5.430000e-06	9.008727e-10	3.766763e-09	4.737635e+00	1.107186e+03
5.440000e-06	8.090591e-10	3.711730e-09	4.254089e+00	1.090963e+03
5.450000e-06	7.171715e-10	3.655427e-09	3.770142e+00	1.074386e+03
5.460000e-06	6.252243e-10	3.597797e-09	3.285870e+00	1.057435e+03
5.470000e-06	5.332162e-10	3.539136e-09	2.801324e+00	1.040181e+03
5.480000e-06	4.411448e-10	3.479621e-09	2.316495e+00	1.022660e+03
5.490000e-06	3.490399e-10	3.419338e-09	1.831497e+00	1.004891e+03
5.500000e-06	2.569385e-10	3.358025e-09	1.346509e+00	9.868114e+02
5.510000e-06	1.648608e-10	3.295366e-09	8.616395e-01	9.683404e+02
5.520000e-06	7.281762e-11	3.231165e-09	3.769121e-01	9.494181e+02
5.530000e-06	-1.918713e-11	3.164997e-09	-1.076416e-01	9.299269e+02
5.540000e-06	-1.111778e-10	3.096802e-09	-5.920968e-01	9.098568e+02
5.550000e-06	-2.031651e-10	3.027312e-09	-1.076516e+00	8.894076e+02
5.560000e-06	-2.951511e-10	2.957206e-09	-1.560924e+00	8.687375e+02
5.570000e-06	-3.871378e-10	2.885961e-09	-2.045328e+00	8.477031e+02
5.580000e-06	-4.791097e-10	2.812954e-09	-2.529651e+00	8.261544e+02
5.590000e-06	-5.710453e-10	2.738206e-09	-3.013811e+00	8.040774e+02
5.600000e-06	-6.629471e-10	2.661213e-09	-3.497811e+00	7.813430e+02
5.610000e-06	-7.547998e-10	2.581797e-09	-3.981574e+00	7.578970e+02
5.620000e-06	-8.465857e-10	2.500262e-09	-4.464975e+00	7.337968e+02
5.630000e-06	-9.382940e-10	2.416371e-09	-4.947933e+00	7.090129e+02
5.640000e-06	-1.029922e-09	2.330165e-09	-5.430451e+00	6.835668e+02
5.650000e-06	-1.121467e-09	2.241982e-09	-5.912531e+00	6.575067e+02
5.660000e-06	-1.212918e-09	2.151763e-09	-6.394082e+00	6.307930e+02
5.670000e-06	-1.304257e-09	2.058499e-09	-6.875048e+00	6.031654e+02
5.680000e-06	-1.395487e-09	1.961396e-09	-7.355480e+00	5.744289e+02
5.690000e-06	-1.486621e-09	1.860872e-09	-7.835416e+00	5.446969e+02
5.700000e-06	-1.577665e-09	1.757318e-09	-8.314854e+00	5.140652e+02
5.710000e-06	-1.668623e-09	1.650591e-09	-8.793824e+00	4.824787e+02
5.720000e-06	-1.759482e-09	1.540330e-09	-9.272298e+00	4.498258e+02
5.730000e-06	-1.850235e-09	1.426102e-09	-9.750266e+00	4.160084e+02
5.740000e-06	-1.940873e-09	1.307951e-09	-1.022763e+01	3.810416e+02
5.750000e-06	-2.031395e-09	1.185980e-09	-1.070435e+01	3.449192e+02
5.760000e-06	-2.121794e-09	1.059769e-09	-1.118041e+01	3.075111e+02
5.770000e-06	-2.212035e-09	9.294306e-10	-1.165566e+01	2.688567e+02
5.780000e-06	-2.302109e-09	7.950996e-10	-1.212999e+01	2.290004e+02
5.790000e-06	-2.392004e-09	6.562621e-10	-1.260341e+01	1.878139e+02
5.800000e-06	-2.481735e-09	5.130191e-10	-1.307598e+01	1.453404e+02
5.810000e-06	-2.571298e-09	3.659067e-10	-1.354766e+01	1.017355e+02
5.820000e-06	-2.660690e-09	2.153104e-10	-1.401843e+01	5.711848e+01
5.830000e-06	-2.749931e-09	6.165727e-11	-1.448835e+01	1.161615e+01
5.840000e-06	-2.839016e-09	-9.490096e-11	-1.495744e+01	-3.473713e+01
5.850000e-06	-2.927933e-09	-2.540200e-10	-1.542564e+01	-8.183106e+01
5.860000e-06	-3.016678e-09	-4.147972e-10	-1.589293e+01	-1.294003e+02
5.870000e-06	-3.105239e-09	-5.764801e-10	-1.635930e+01	-1.772265e+02
5.880000e-06	-3.193601e-09	-7.384908e-10	-1.682463e+01	-2.251082e+02
5.890000e-06	-3.281737e-09	-9.002973e-10	-1.728872e+01	-2.728747e+02
5.900000e-06	-3.369613e-09	-1.061542e-09	-1.775146e+01	-3.204297e+02
5.910000e-06	-3.457206e-09	-1.221559e-09	-1.821275e+01	-3.675814e+02
5.920000e-06	-3.544494e-09	-1.379497e-09	-1.867247e+01	-4.140958e+02
5.930000e-06	-3.631463e-09	-1.534881e-09	-1.913055e+01	-4.598484e+02
5.940000e-06	-3.718104e-09	-1.687604e-09	-1.958693e+01	-5.047984e+02
5.950000e-06	-3.804424e-09	-1.837692e-09	-2.004165e+01	-5.489360e+02
5.960000e-06	-3.890442e-09	-1.985014e-09	-2.049479e+01	-5.922202e+02
5.970000e-06	-3.976202e-09	-2.128990e-09	-2.094652e+01	-6.345015e+02
5.980000e-06	-4.061706e-09	-2.269099e-09	-2.139686e+01	-6.756347e+02
5.990000e-06	-4.146912e-09	-2.405550e-09	-2.184560e+01	-7.156588e+02
6.000000e-06	-4.231818e-09	-2.538656e-09	-2.229268e+01	-7.546602e+02
6.010000e-06	-4.316407e-09	-2.668057e-09	-2.273811e+01	-7.925747e+02
6.020000e-06	-4.400663e-09	-2.793352e-09	-2.318183e+01	-8.292993e+02
6.030000e-06	-4.484585e-09	-2.914426e-09	-2.362378e+01	-8.647919e+02
6.040000e-06	-4.568176e-09	-3.031568e-09	-2.406393e+01	-8.991321e+02
6.050000e-06	-4.651450e-09	-3.145631e-09	-2.450240e+01	-9.325278e+02
6.060000e-06	-4.734419e-09	-3.256495e-09	-2.493930e+01	-9.649410e+02
6.070000e-06	-4.817084e-09	-3.363226e-09	-2.537462e+01	-9.961674e+02
6.080000e-06	-4.899443e-09	-3.466230e-09	-2.580836e+01	-1.026325e+03
6.090000e-06	-4.981516e-09	-3.566554e-09	-2.624062e+01	-1.055678e+03
6.100000e-06	-5.063274e-09	-3.664334e-09	-2.667117e+01	-1.084263e+03
6.110000e-06	-5.144678e-09	-3.759080e-09	-2.709978e+01	-1.111947e+03
6.120000e-06	-5.225747e-09	-3.850144e-09	-2.752664e+01	-1.138571e+03
6.130000e-06	-5.306510e-09	-3.937568e-09	-2.795193e+01	-1.164152e+03
6.140000e-06	-5.386951e-09	-4.022357e-09	-2.837549e+01	-1.188948e+03
6.150000e-06	-5.467016e-09	-4.105025e-09	-2.879707e+01	-1.213091e+03
6.160000e-06	-5.546644e-09	-4.185428e-09	-2.921639e+01	-1.236553e+03
6.170000e-06	-5.625761e-09	-4.263430e-09	-2.963306e+01	-1.259315e+03
6.180000e-06	-5.704380e-09	-4.338927e-09	-3.004720e+01	-1.281354e+03
6.190000e-06	-5.782546e-09	-4.411994e-09	-3.045897e+01	-1.302683e+03
6.200000e-06	-5.860212e-09	-4.482703e-09	-3.086804e+01	-1.323329e+03
6.210000e-06	-5.937337e-09	-4.551246e-09	-3.127426e+01	-1.343350e+03
6.220000e-06	-6.013918e-09	-4.617826e-09	-3.167764e+01	-1.362786e+03
6.230000e-06	-6.089970e-09	-4.682290e-09	-3.207818e+01	-1.381592e+03
6.240000e-06	-6.165543e-09	-4.744774e-09	-3.247614e+01	-1.399817e+03
6.250000e-06	-6.240684e-09	-4.805976e-09	-3.287182e+01	-1.417661e+03
6.260000e-06	-6.315397e-09	-4.865796e-09	-3.326525e+01	-1.435104e+03
6.270000e-06	-6.389682e-09	-4.923430e-09	-3.365645e+01	-1.451933e+03
6.280000e-06	-6.463532e-09	-4.979106e-09	-3.404534e+01	-1.468184e+03
6.290000e-06	-6.536957e-09	-5.033462e-09	-3.443196e+01	-1.484012e+03
6.300000e-06	-6.609986e-09	-5.086255e-09	-3.481649e+01	-1.499373e+03
6.310000e-06	-6.682614e-09	-5.137251e-09	-3.519893e+01	-1.514222e+03
6.320000e-06	-6.754812e-09	-5.186592e-09	-3.557910e+01	-1.528605e+03
6.330000e-06	-6.826520e-09	-5.234372e-09	-3.595670e+01	-1.542545e+03
6.340000e-06	-6.897673e-09	-5.280826e-09	-3.633142e+01	-1.556106e+03
6.350000e-06	-6.968241e-09	-5.326411e-09	-3.670311e+01	-1.569401e+03
6.360000e-06	-7.038234e-09	-5.371283e-09	-3.707178e+01	-1.582470e+03
6.370000e-06	-7.107673e-09	-5.415127e-09	-3.743753e+01	-1.595238e+03
6.380000e-06	-7.176584e-09	-5.457703e-09	-3.780046e+01	-1.607634e+03
6.390000e-06	-7.244992e-09	-5.499018e-09	-3.816067e+01	-1.619664e+03
6.400000e-06	-7.312887e-09	-5.539133e-09	-3.851820e+01	-1.631350e+03
6.410000e-06	-7.380298e-09	-5.577714e-09	-3.887319e+01	-1.642602e+03
6.420000e-06	-7.447256e-09	-5.614822e-09	-3.922577e+01	-1.653439e+03
6.430000e-06	-7.513738e-09	-5.650896e-09	-3.957587e+01	-1.663971e+03
6.440000e-06	-7.579705e-09	-5.686285e-09	-3.992330e+01	-1.674275e+03
6.450000e-06	-7.645157e-09	-5.721287e-09	-4.026797e+01	-1.684442e+03
6.460000e-06	-7.710115e-09	-5.755735e-09	-4.061003e+01	-1.694458e+03
6.470000e-06	-7.774579e-09	-5.789408e-09	-4.094951e+01	-1.704273e+03
6.480000e-06	-7.838524e-09	-5.822280e-09	-4.128624e+01	-1.713863e+03
6.490000e-06	-7.901891e-09	-5.854559e-09	-4.161996e+01	-1.723258e+03
6.500000e-06	-7.964615e-09	-5.886107e-09	-4.195036e+01	-1.732435e+03
6.510000e-06	-8.026655e-09	-5.916784e-09	-4.227719e+01	-1.741366e+03
6.520000e-06	-8.088043e-09	-5.946519e-09	-4.260056e+01	-1.750025e+03
6.530000e-06	-8.148832e-09	-5.975211e-09	-4.292070e+01	-1.758382e+03
6.540000e-06	-8.209051e-09	-6.003318e-09	-4.323781e+01	-1.766560e+03
6.550000e-06	-8.268744e-09	-6.030906e-09	-4.355210e+01	-1.774571e+03
6.560000e-06	-8.327925e-09	-6.057472e-09	-4.386368e+01	-1.782296e+03
6.570000e-06	-8.386556e-09	-6.083075e-09	-4.417240e+01	-1.789773e+03
6.580000e-06	-8.444568e-09	-6.108025e-09	-4.447789e+01	-1.797061e+03
6.590000e-06	-8.501954e-09	-6.132380e-09	-4.478008e+01	-1.804143e+03
6.600000e-06	-8.558777e-09	-6.156191e-09	-4.507928e+01	-1.811042e+03
6.610000e-06	-8.615042e-09	-6.179027e-09	-4.537552e+01	-1.817677e+03
6.620000e-06	-8.670692e-09	-6.200693e-09	-4.566855e+01	-1.824007e+03
6.630000e-06	-8.725639e-09	-6.221761e-09	-4.595798e+01	-1.830167e+03
6.640000e-06	-8.779799e-09	-6.242828e-09	-4.624328e+01	-1.836296e+03
6.650000e-06	-8.833168e-09	-6.263869e-09	-4.652436e+01	-1.842385e+03
6.660000e-06	-8.885799e-09	-6.284436e-09	-4.680149e+01	-1.848341e+03
6.670000e-06	-8.937729e-09	-6.304171e-09	-4.707491e+01	-1.854086e+03
6.680000e-06	-8.989003e-09	-6.323069e-09	-4.734487e+01	-1.859601e+03
6.690000e-06	-9.039615e-09	-6.341344e-09	-4.761139e+01	-1.864924e+03
6.700000e-06	-9.089467e-09	-6.359462e-09	-4.787393e+01	-1.870197e+03
6.710000e-06	-9.138444e-09	-6.377538e-09	-4.813190e+01	-1.875458e+03
6.720000e-06	-9.186530e-09	-6.394968e-09	-4.838526e+01	-1.880546e+03
6.730000e-06	-9.233835e-09	-6.412091e-09	-4.863446e+01	-1.885539e+03
6.740000e-06	-9.280494e-09	-6.429444e-09	-4.888019e+01	-1.890566e+03
6.750000e-06	-9.326573e-09	-6.446498e-09	-4.912286e+01	-1.895503e+03
6.760000e-06	-9.372075e-09	-6.462817e-09	-4.936246e+01	-1.900253e+03
6.770000e-06	-9.417005e-09	-6.478443e-09	-4.959906e+01	-1.904823e+03
6.780000e-06	-9.461399e-09	-6.493376e-09	-4.983287e+01	-1.909195e+03
6.790000e-06	-9.505286e-09	-6.507930e-09	-5.006398e+01	-1.913455e+03
6.800000e-06	-9.548639e-09	-6.522797e-09	-5.029224e+01	-1.917774e+03
6.810000e-06	-9.591387e-09	-6.537658e-09	-5.051734e+01	-1.922068e+03
6.820000e-06	-9.633491e-09	-6.551715e-09	-5.073908e+01	-1.926152e+03
6.830000e-06	-9.674961e-09	-6.564907e-09	-5.095747e+01	-1.930013e+03
6.840000e-06	-9.715801e-09	-6.577826e-09	-5.117254e+01	-1.933786e+03
6.850000e-06	-9.756053e-09	-6.590881e-09	-5.138446e+01	-1.937565e+03
6.860000e-06	-9.795685e-09	-6.603842e-09	-5.159308e+01	-1.941300e+03
6.870000e-06	-9.834509e-09	-6.615876e-09	-5.179752e+01	-1.944797e+03
6.880000e-06	-9.872401e-09	-6.626725e-09	-5.199715e+01	-1.947988e+03
6.890000e-06	-9.909436e-09	-6.637134e-09	-5.219227e+01	-1.951051e+03
6.900000e-06	-9.945786e-09	-6.647579e-09	-5.238373e+01	-1.954108e+03
6.910000e-06	-9.981522e-09	-6.658116e-09	-5.257194e+01	-1.957171e+03
6.920000e-06	-1.001660e-08	-6.668485e-09	-5.275668e+01	-1.960172e+03
6.930000e-06	-1.005100e-08	-6.678517e-09	-5.293783e+01	-1.963078e+03
6.940000e-06	-1.008473e-08	-6.688215e-09	-5.311540e+01	-1.965894e+03
6.950000e-06	-1.011777e-08	-6.697556e-09	-5.328942e+01	-1.968617e+03
6.960000e-06	-1.015020e-08	-6.706403e-09	-5.346016e+01	-1.971196e+03
6.970000e-06	-1.018202e-08	-6.714757e-09	-5.362771e+01	-1.973633e+03
6.980000e-06	-1.021304e-08	-6.722793e-09	-5.379108e+01	-1.975974e+03
6.990000e-06	-1.024304e-08	-6.730999e-09	-5.394908e+01	-1.978350e+03
7.000000e-06	-1.027207e-08	-6.739611e-09	-5.410194e+01	-1.980823e+03
7.010000e-06	-1.030038e-08	-6.748050e-09	-5.425097e+01	-1.983242e+03
7.020000e-06	-1.032810e-08	-6.755879e-09	-5.439682e+01	-1.985505e+03
7.030000e-06	-1.035513e-08	-6.762963e-09	-5.453911e+01	-1.987589e+03
7.040000e-06	-1.038142e-08	-6.769607e-09	-5.467749e+01	-1.989565e+03
7.050000e-06	-1.040694e-08	-6.776428e-09	-5.481181e+01	-1.991563e+03
7.060000e-06	-1.043173e-08	-6.783501e-09	-5.494234e+01	-1.993587e+03
7.070000e-06	-1.045597e-08	-6.790417e-09	-5.506991e+01	-1.995559e+03
7.080000e-06	-1.047964e-08	-6.796892e-09	-5.519452e+01	-1.997421e+03
7.090000e-06	-1.050251e-08	-6.803189e-09	-5.531487e+01	-1.999243e+03
7.100000e-06	-1.052435e-08	-6.809437e-09	-5.542984e+01	-2.001057e+03
7.110000e-06	-1.054524e-08	-6.815600e-09	-5.553984e+01	-2.002842e+03
7.120000e-06	-1.056545e-08	-6.821382e-09	-5.564621e+01	-2.004518e+03
7.130000e-06	-1.058504e-08	-6.826503e-09	-5.574932e+01	-2.006014e+03
7.140000e-06	-1.060393e-08	-6.831410e-09	-5.584880e+01	-2.007448e+03
7.150000e-06	-1.062211e-08	-6.836528e-09	-5.594448e+01	-2.008929e+03
7.160000e-06	-1.063955e-08	-6.842030e-09	-5.603623e+01	-2.010486e+03
7.170000e-06	-1.065630e-08	-6.847392e-09	-5.612430e+01	-2.011989e+03
7.180000e-06	-1.067247e-08	-6.851807e-09	-5.620940e+01	-2.013263e+03
7.190000e-06	-1.068796e-08	-6.855805e-09	-5.629088e+01	-2.014443e+03
7.200000e-06	-1.070242e-08	-6.860132e-09	-5.636695e+01	-2.015710e+03
7.210000e-06	-1.071573e-08	-6.864343e-09	-5.643701e+01	-2.016932e+03
7.220000e-06	-1.072811e-08	-6.868288e-09	-5.650220e+01	-2.018058e+03
7.230000e-06	-1.073975e-08	-6.871919e-09	-5.656342e+01	-2.019090e+03
7.240000e-06	-1.075063e-08	-6.875104e-09	-5.662071e+01	-2.020001e+03
7.250000e-06	-1.076077e-08	-6.878432e-09	-5.667405e+01	-2.020956e+03
7.260000e-06	-1.077015e-08	-6.881827e-09	-5.672339e+01	-2.021926e+03
7.270000e-06	-1.077883e-08	-6.884690e-09	-5.676908e+01	-2.022741e+03
7.280000e-06	-1.078693e-08	-6.886810e-09	-5.681168e+01	-2.023361e+03
7.290000e-06	-1.079435e-08	-6.888708e-09	-5.685066e+01	-2.023932e+03
7.300000e-06	-1.080082e-08	-6.891152e-09	-5.688458e+01	-2.024641e+03
7.310000e-06	-1.080620e-08	-6.894146e-09	-5.691285e+01	-2.025471e+03
7.320000e-06	-1.081075e-08	-6.896984e-09	-5.693671e+01	-2.026235e+03
7.330000e-06	-1.081467e-08	-6.898807e-09	-5.695735e+01	-2.026733e+03
7.340000e-06	-1.081794e-08	-6.899810e-09	-5.697451e+01	-2.027038e+03
7.350000e-06	-1.082052e-08	-6.900861e-09	-5.698800e+01	-2.027364e+03
7.360000e-06	-1.082239e-08	-6.902221e-09	-5.699779e+01	-2.027752e+03
7.370000e-06	-1.082346e-08	-6.903458e-09	-5.700340e+01	-2.028090e+03
