# Temperatura_=_20.6
# Concentracion g/m^3_=_10000.0
# C_Vs_to_Am_M_A/Vsm_=_254322799225.57578
# pendiente_HvsI_1/m_=_3716.3
# ordenada_HvsI_A/m_=_1297.0
# frecuencia_Hz_=_135126.6936706437
# Promedio de 26 ciclos

Tiempo_(s)	Campo_(V.s)	Magnetizacion_(V.s)	Campo_(kA/m)	Magnetizacion_(A/m)
0.000000e+00	-7.028224e-09	-2.219434e-09	-3.836530e+01	-6.925016e+02
1.000000e-08	-7.028368e-09	-2.219685e-09	-3.836614e+01	-6.925611e+02
2.000000e-08	-7.028182e-09	-2.220035e-09	-3.836519e+01	-6.926434e+02
3.000000e-08	-7.027584e-09	-2.220766e-09	-3.836196e+01	-6.928262e+02
4.000000e-08	-7.026420e-09	-2.221402e-09	-3.835563e+01	-6.930259e+02
5.000000e-08	-7.024535e-09	-2.221258e-09	-3.834542e+01	-6.930361e+02
6.000000e-08	-7.021911e-09	-2.220345e-09	-3.833115e+01	-6.927980e+02
7.000000e-08	-7.018663e-09	-2.218690e-09	-3.831350e+01	-6.923047e+02
8.000000e-08	-7.014891e-09	-2.215873e-09	-3.829295e+01	-6.914809e+02
9.000000e-08	-7.010550e-09	-2.216314e-09	-3.826925e+01	-6.916009e+02
1.000000e-07	-7.005524e-09	-2.227215e-09	-3.824182e+01	-6.944284e+02
1.100000e-07	-6.999934e-09	-2.233002e-09	-3.821131e+01	-6.958960e+02
1.200000e-07	-6.994078e-09	-2.209275e-09	-3.817933e+01	-6.898604e+02
1.300000e-07	-6.988010e-09	-2.192156e-09	-3.814623e+01	-6.851912e+02
1.400000e-07	-6.981454e-09	-2.223743e-09	-3.811051e+01	-6.930084e+02
1.500000e-07	-6.974285e-09	-2.246538e-09	-3.807145e+01	-6.993352e+02
1.600000e-07	-6.966724e-09	-2.206969e-09	-3.803023e+01	-6.896402e+02
1.700000e-07	-6.958894e-09	-2.182359e-09	-3.798750e+01	-6.827139e+02
1.800000e-07	-6.950620e-09	-2.233638e-09	-3.794223e+01	-6.957372e+02
1.900000e-07	-6.941762e-09	-2.259667e-09	-3.789380e+01	-7.035357e+02
2.000000e-07	-6.932447e-09	-2.201514e-09	-3.784289e+01	-6.883615e+02
2.100000e-07	-6.922643e-09	-2.175088e-09	-3.778936e+01	-6.800927e+02
2.200000e-07	-6.912082e-09	-2.232266e-09	-3.773173e+01	-6.947473e+02
2.300000e-07	-6.900723e-09	-2.252069e-09	-3.766976e+01	-7.013902e+02
2.400000e-07	-6.888806e-09	-2.199124e-09	-3.760484e+01	-6.877956e+02
2.500000e-07	-6.876416e-09	-2.192780e-09	-3.753731e+01	-6.846078e+02
2.600000e-07	-6.863441e-09	-2.240444e-09	-3.746648e+01	-6.968964e+02
2.700000e-07	-6.849885e-09	-2.232285e-09	-3.739249e+01	-6.964468e+02
2.800000e-07	-6.835801e-09	-2.194734e-09	-3.731560e+01	-6.868270e+02
2.900000e-07	-6.821079e-09	-2.217977e-09	-3.723502e+01	-6.917003e+02
3.000000e-07	-6.805596e-09	-2.239713e-09	-3.715031e+01	-6.978922e+02
3.100000e-07	-6.789450e-09	-2.203115e-09	-3.706215e+01	-6.891553e+02
3.200000e-07	-6.772768e-09	-2.197547e-09	-3.697115e+01	-6.866489e+02
3.300000e-07	-6.755605e-09	-2.235873e-09	-3.687755e+01	-6.963612e+02
3.400000e-07	-6.738090e-09	-2.217745e-09	-3.678210e+01	-6.930505e+02
3.500000e-07	-6.720259e-09	-2.181486e-09	-3.668483e+01	-6.833038e+02
3.600000e-07	-6.701943e-09	-2.214838e-09	-3.658484e+01	-6.909482e+02
3.700000e-07	-6.683093e-09	-2.237528e-09	-3.648194e+01	-6.975718e+02
3.800000e-07	-6.663793e-09	-2.193406e-09	-3.637667e+01	-6.865548e+02
3.900000e-07	-6.644118e-09	-2.184296e-09	-3.626943e+01	-6.826072e+02
4.000000e-07	-6.624110e-09	-2.221540e-09	-3.616033e+01	-6.920020e+02
4.100000e-07	-6.603763e-09	-2.206679e-09	-3.604933e+01	-6.893734e+02
4.200000e-07	-6.583014e-09	-2.174131e-09	-3.593603e+01	-6.802929e+02
4.300000e-07	-6.561769e-09	-2.194226e-09	-3.582005e+01	-6.844225e+02
4.400000e-07	-6.540047e-09	-2.202797e-09	-3.570147e+01	-6.874516e+02
4.500000e-07	-6.517897e-09	-2.175156e-09	-3.558053e+01	-6.804270e+02
4.600000e-07	-6.495269e-09	-2.179272e-09	-3.545705e+01	-6.804025e+02
4.700000e-07	-6.472158e-09	-2.194656e-09	-3.533091e+01	-6.846060e+02
4.800000e-07	-6.448650e-09	-2.174445e-09	-3.520263e+01	-6.798465e+02
4.900000e-07	-6.424820e-09	-2.164562e-09	-3.507264e+01	-6.764299e+02
5.000000e-07	-6.400672e-09	-2.177599e-09	-3.494087e+01	-6.794403e+02
5.100000e-07	-6.376105e-09	-2.167874e-09	-3.480672e+01	-6.773471e+02
5.200000e-07	-6.350953e-09	-2.154609e-09	-3.466922e+01	-6.734444e+02
5.300000e-07	-6.325066e-09	-2.163582e-09	-3.452766e+01	-6.753515e+02
5.400000e-07	-6.298468e-09	-2.161682e-09	-3.438225e+01	-6.751427e+02
5.500000e-07	-6.271283e-09	-2.147983e-09	-3.423376e+01	-6.713277e+02
5.600000e-07	-6.243634e-09	-2.148300e-09	-3.408294e+01	-6.708739e+02
5.700000e-07	-6.215654e-09	-2.146697e-09	-3.393033e+01	-6.704781e+02
5.800000e-07	-6.187380e-09	-2.136906e-09	-3.377600e+01	-6.676921e+02
5.900000e-07	-6.158751e-09	-2.135954e-09	-3.361964e+01	-6.670528e+02
6.000000e-07	-6.129714e-09	-2.133410e-09	-3.346106e+01	-6.663893e+02
6.100000e-07	-6.100249e-09	-2.124475e-09	-3.330026e+01	-6.638480e+02
6.200000e-07	-6.070380e-09	-2.124454e-09	-3.313724e+01	-6.634543e+02
6.300000e-07	-6.040106e-09	-2.123119e-09	-3.297189e+01	-6.631407e+02
6.400000e-07	-6.009401e-09	-2.112006e-09	-3.280421e+01	-6.600562e+02
6.500000e-07	-5.978254e-09	-2.107704e-09	-3.263433e+01	-6.584619e+02
6.600000e-07	-5.946706e-09	-2.107570e-09	-3.246240e+01	-6.583250e+02
6.700000e-07	-5.914867e-09	-2.099924e-09	-3.228882e+01	-6.562300e+02
6.800000e-07	-5.882772e-09	-2.094644e-09	-3.211367e+01	-6.544337e+02
6.900000e-07	-5.850329e-09	-2.092879e-09	-3.193648e+01	-6.537708e+02
7.000000e-07	-5.817388e-09	-2.085222e-09	-3.175641e+01	-6.516094e+02
7.100000e-07	-5.783833e-09	-2.078901e-09	-3.157287e+01	-6.495597e+02
7.200000e-07	-5.749634e-09	-2.077522e-09	-3.138583e+01	-6.489859e+02
7.300000e-07	-5.714839e-09	-2.071779e-09	-3.119565e+01	-6.473960e+02
7.400000e-07	-5.679560e-09	-2.064109e-09	-3.100303e+01	-6.450767e+02
7.500000e-07	-5.643908e-09	-2.060711e-09	-3.080857e+01	-6.438748e+02
7.600000e-07	-5.607970e-09	-2.056621e-09	-3.061260e+01	-6.425971e+02
7.700000e-07	-5.571761e-09	-2.050018e-09	-3.041504e+01	-6.405673e+02
7.800000e-07	-5.535208e-09	-2.044510e-09	-3.021547e+01	-6.387899e+02
7.900000e-07	-5.498248e-09	-2.039450e-09	-3.001366e+01	-6.371704e+02
8.000000e-07	-5.460876e-09	-2.033547e-09	-2.980971e+01	-6.353549e+02
8.100000e-07	-5.423117e-09	-2.028184e-09	-2.960370e+01	-6.337244e+02
8.200000e-07	-5.384984e-09	-2.023501e-09	-2.939557e+01	-6.323124e+02
8.300000e-07	-5.346436e-09	-2.018298e-09	-2.918509e+01	-6.307128e+02
8.400000e-07	-5.307435e-09	-2.011750e-09	-2.897216e+01	-6.286960e+02
8.500000e-07	-5.268049e-09	-2.004910e-09	-2.875725e+01	-6.265175e+02
8.600000e-07	-5.228405e-09	-1.999276e-09	-2.854104e+01	-6.246929e+02
8.700000e-07	-5.188565e-09	-1.993919e-09	-2.832377e+01	-6.230551e+02
8.800000e-07	-5.148487e-09	-1.987795e-09	-2.810507e+01	-6.212373e+02
8.900000e-07	-5.108142e-09	-1.981655e-09	-2.788474e+01	-6.193352e+02
9.000000e-07	-5.067490e-09	-1.975273e-09	-2.766259e+01	-6.173588e+02
9.100000e-07	-5.026371e-09	-1.968394e-09	-2.743784e+01	-6.152484e+02
9.200000e-07	-4.984634e-09	-1.961981e-09	-2.720962e+01	-6.132583e+02
9.300000e-07	-4.942268e-09	-1.955731e-09	-2.697791e+01	-6.113112e+02
9.400000e-07	-4.899344e-09	-1.948629e-09	-2.674332e+01	-6.091040e+02
9.500000e-07	-4.856001e-09	-1.941675e-09	-2.650670e+01	-6.069257e+02
9.600000e-07	-4.812351e-09	-1.935778e-09	-2.626856e+01	-6.051205e+02
9.700000e-07	-4.768438e-09	-1.929758e-09	-2.602904e+01	-6.033132e+02
9.800000e-07	-4.724277e-09	-1.922743e-09	-2.578815e+01	-6.011696e+02
9.900000e-07	-4.679863e-09	-1.915250e-09	-2.554570e+01	-5.988284e+02
1.000000e-06	-4.635199e-09	-1.907883e-09	-2.530170e+01	-5.965148e+02
1.010000e-06	-4.590251e-09	-1.900829e-09	-2.505616e+01	-5.943338e+02
1.020000e-06	-4.544975e-09	-1.893964e-09	-2.480897e+01	-5.922364e+02
1.030000e-06	-4.499379e-09	-1.886635e-09	-2.456004e+01	-5.899790e+02
1.040000e-06	-4.453478e-09	-1.878887e-09	-2.430941e+01	-5.875576e+02
1.050000e-06	-4.407263e-09	-1.871423e-09	-2.405704e+01	-5.852384e+02
1.060000e-06	-4.360716e-09	-1.864320e-09	-2.380290e+01	-5.830489e+02
1.070000e-06	-4.313830e-09	-1.856698e-09	-2.354692e+01	-5.807346e+02
1.080000e-06	-4.266630e-09	-1.848176e-09	-2.328924e+01	-5.781280e+02
1.090000e-06	-4.219138e-09	-1.839635e-09	-2.303012e+01	-5.754733e+02
1.100000e-06	-4.171395e-09	-1.831669e-09	-2.276974e+01	-5.729923e+02
1.110000e-06	-4.123451e-09	-1.823969e-09	-2.250823e+01	-5.706202e+02
1.120000e-06	-4.075295e-09	-1.816146e-09	-2.224548e+01	-5.682224e+02
1.130000e-06	-4.026918e-09	-1.807743e-09	-2.198135e+01	-5.656400e+02
1.140000e-06	-3.978264e-09	-1.798842e-09	-2.171546e+01	-5.628637e+02
1.150000e-06	-3.929243e-09	-1.790219e-09	-2.144755e+01	-5.601639e+02
1.160000e-06	-3.879813e-09	-1.782104e-09	-2.117749e+01	-5.576627e+02
1.170000e-06	-3.829946e-09	-1.773954e-09	-2.090494e+01	-5.551935e+02
1.180000e-06	-3.779650e-09	-1.765231e-09	-2.063007e+01	-5.525257e+02
1.190000e-06	-3.728931e-09	-1.756032e-09	-2.035303e+01	-5.496680e+02
1.200000e-06	-3.677794e-09	-1.747027e-09	-2.007377e+01	-5.468357e+02
1.210000e-06	-3.626299e-09	-1.738527e-09	-1.979270e+01	-5.441632e+02
1.220000e-06	-3.574520e-09	-1.730002e-09	-1.951019e+01	-5.415311e+02
1.230000e-06	-3.522485e-09	-1.720760e-09	-1.922629e+01	-5.386932e+02
1.240000e-06	-3.470194e-09	-1.710865e-09	-1.894099e+01	-5.356293e+02
1.250000e-06	-3.417657e-09	-1.701018e-09	-1.865431e+01	-5.325681e+02
1.260000e-06	-3.364884e-09	-1.691872e-09	-1.836626e+01	-5.297227e+02
1.270000e-06	-3.311887e-09	-1.683018e-09	-1.807689e+01	-5.270106e+02
1.280000e-06	-3.258665e-09	-1.673707e-09	-1.778636e+01	-5.241652e+02
1.290000e-06	-3.205201e-09	-1.664138e-09	-1.749467e+01	-5.211703e+02
1.300000e-06	-3.151511e-09	-1.654416e-09	-1.720180e+01	-5.181160e+02
1.310000e-06	-3.097625e-09	-1.644642e-09	-1.690783e+01	-5.150885e+02
1.320000e-06	-3.043544e-09	-1.635358e-09	-1.661278e+01	-5.122253e+02
1.330000e-06	-2.989265e-09	-1.626087e-09	-1.631666e+01	-5.093792e+02
1.340000e-06	-2.934771e-09	-1.615880e-09	-1.601935e+01	-5.062462e+02
1.350000e-06	-2.880046e-09	-1.605588e-09	-1.572071e+01	-5.030105e+02
1.360000e-06	-2.825077e-09	-1.596154e-09	-1.542071e+01	-5.000356e+02
1.370000e-06	-2.769897e-09	-1.586772e-09	-1.511961e+01	-4.971581e+02
1.380000e-06	-2.714540e-09	-1.576772e-09	-1.481759e+01	-4.941144e+02
1.390000e-06	-2.659008e-09	-1.566365e-09	-1.451473e+01	-4.909139e+02
1.400000e-06	-2.603336e-09	-1.555795e-09	-1.421117e+01	-4.876310e+02
1.410000e-06	-2.547547e-09	-1.545351e-09	-1.390692e+01	-4.843653e+02
1.420000e-06	-2.491651e-09	-1.535078e-09	-1.360211e+01	-4.811725e+02
1.430000e-06	-2.435663e-09	-1.524515e-09	-1.329683e+01	-4.778995e+02
1.440000e-06	-2.379597e-09	-1.513361e-09	-1.299104e+01	-4.744311e+02
1.450000e-06	-2.323435e-09	-1.502259e-09	-1.268465e+01	-4.709635e+02
1.460000e-06	-2.267151e-09	-1.491841e-09	-1.237749e+01	-4.677186e+02
1.470000e-06	-2.210748e-09	-1.481597e-09	-1.206954e+01	-4.645600e+02
1.480000e-06	-2.154192e-09	-1.470859e-09	-1.176059e+01	-4.612589e+02
1.490000e-06	-2.097455e-09	-1.459604e-09	-1.145050e+01	-4.577724e+02
1.500000e-06	-2.040506e-09	-1.448142e-09	-1.113922e+01	-4.541984e+02
1.510000e-06	-1.983315e-09	-1.436715e-09	-1.082662e+01	-4.506365e+02
1.520000e-06	-1.925919e-09	-1.425337e-09	-1.051280e+01	-4.470890e+02
1.530000e-06	-1.868325e-09	-1.413955e-09	-1.019786e+01	-4.435436e+02
1.540000e-06	-1.810520e-09	-1.402587e-09	-9.881848e+00	-4.400116e+02
1.550000e-06	-1.752501e-09	-1.391266e-09	-9.564749e+00	-4.365016e+02
1.560000e-06	-1.694301e-09	-1.380050e-09	-9.246664e+00	-4.330340e+02
1.570000e-06	-1.635926e-09	-1.368625e-09	-8.927632e+00	-4.295074e+02
1.580000e-06	-1.577351e-09	-1.356576e-09	-8.607582e+00	-4.257724e+02
1.590000e-06	-1.518576e-09	-1.344162e-09	-8.286574e+00	-4.219165e+02
1.600000e-06	-1.459623e-09	-1.331856e-09	-7.964718e+00	-4.180757e+02
1.610000e-06	-1.400518e-09	-1.319676e-09	-7.642117e+00	-4.142743e+02
1.620000e-06	-1.341269e-09	-1.307557e-09	-7.318799e+00	-4.105027e+02
1.630000e-06	-1.281906e-09	-1.295479e-09	-6.994996e+00	-4.067374e+02
1.640000e-06	-1.222445e-09	-1.283224e-09	-6.670751e+00	-4.029377e+02
1.650000e-06	-1.162884e-09	-1.270779e-09	-6.345961e+00	-3.990978e+02
1.660000e-06	-1.103242e-09	-1.258234e-09	-6.020726e+00	-3.952083e+02
1.670000e-06	-1.043533e-09	-1.245265e-09	-5.695152e+00	-3.911712e+02
1.680000e-06	-9.837845e-10	-1.231690e-09	-5.369353e+00	-3.869326e+02
1.690000e-06	-9.240030e-10	-1.217999e-09	-5.043379e+00	-3.826483e+02
1.700000e-06	-8.641847e-10	-1.204574e-09	-4.717187e+00	-3.784652e+02
1.710000e-06	-8.043413e-10	-1.191257e-09	-4.390803e+00	-3.743326e+02
1.720000e-06	-7.444722e-10	-1.177902e-09	-4.064283e+00	-3.701705e+02
1.730000e-06	-6.845669e-10	-1.164386e-09	-3.737644e+00	-3.659284e+02
1.740000e-06	-6.246264e-10	-1.150594e-09	-3.410802e+00	-3.615928e+02
1.750000e-06	-5.646541e-10	-1.136461e-09	-3.083709e+00	-3.571947e+02
1.760000e-06	-5.046508e-10	-1.122009e-09	-2.756460e+00	-3.527259e+02
1.770000e-06	-4.446272e-10	-1.107367e-09	-2.429106e+00	-3.481788e+02
1.780000e-06	-3.845802e-10	-1.092547e-09	-2.101599e+00	-3.435597e+02
1.790000e-06	-3.245172e-10	-1.077573e-09	-1.773995e+00	-3.388887e+02
1.800000e-06	-2.644485e-10	-1.062496e-09	-1.446368e+00	-3.341781e+02
1.810000e-06	-2.043618e-10	-1.047402e-09	-1.118701e+00	-3.294457e+02
1.820000e-06	-1.442688e-10	-1.032298e-09	-7.910394e-01	-3.247046e+02
1.830000e-06	-8.418852e-11	-1.016843e-09	-4.634021e-01	-3.198453e+02
1.840000e-06	-2.412630e-11	-1.000902e-09	-1.357943e-01	-3.148368e+02
1.850000e-06	3.593036e-11	-9.848100e-10	1.918249e-01	-3.098225e+02
1.860000e-06	9.598930e-11	-9.687216e-10	5.194212e-01	-3.048397e+02
1.870000e-06	1.560453e-10	-9.523085e-10	8.469813e-01	-2.997403e+02
1.880000e-06	2.160899e-10	-9.354412e-10	1.174484e+00	-2.944641e+02
1.890000e-06	2.761280e-10	-9.185141e-10	1.501927e+00	-2.891277e+02
1.900000e-06	3.361676e-10	-9.016041e-10	1.829431e+00	-2.837952e+02
1.910000e-06	3.962095e-10	-8.844563e-10	2.156934e+00	-2.784143e+02
1.920000e-06	4.562369e-10	-8.671380e-10	2.484304e+00	-2.729821e+02
1.930000e-06	5.162374e-10	-8.495730e-10	2.811509e+00	-2.674766e+02
1.940000e-06	5.762101e-10	-8.315890e-10	3.138540e+00	-2.618358e+02
1.950000e-06	6.361549e-10	-8.135028e-10	3.465424e+00	-2.561920e+02
1.960000e-06	6.960764e-10	-7.954722e-10	3.792186e+00	-2.505991e+02
1.970000e-06	7.559606e-10	-7.772112e-10	4.118739e+00	-2.449025e+02
1.980000e-06	8.158119e-10	-7.586986e-10	4.445076e+00	-2.390920e+02
1.990000e-06	8.756291e-10	-7.400190e-10	4.771223e+00	-2.332210e+02
2.000000e-06	9.353966e-10	-7.210446e-10	5.097120e+00	-2.272617e+02
2.010000e-06	9.951113e-10	-7.017980e-10	5.422744e+00	-2.212380e+02
2.020000e-06	1.054789e-09	-6.822441e-10	5.748164e+00	-2.151481e+02
2.030000e-06	1.114429e-09	-6.622115e-10	6.073398e+00	-2.089117e+02
2.040000e-06	1.174013e-09	-6.416659e-10	6.398378e+00	-2.024841e+02
2.050000e-06	1.233524e-09	-6.209985e-10	6.723029e+00	-1.959915e+02
2.060000e-06	1.292950e-09	-6.005562e-10	7.047252e+00	-1.895719e+02
2.070000e-06	1.352259e-09	-5.802733e-10	7.370892e+00	-1.832092e+02
2.080000e-06	1.411427e-09	-5.599223e-10	7.693843e+00	-1.768425e+02
2.090000e-06	1.470453e-09	-5.390899e-10	8.016012e+00	-1.703209e+02
2.100000e-06	1.529313e-09	-5.177017e-10	8.337345e+00	-1.636040e+02
2.110000e-06	1.588016e-09	-4.959518e-10	8.657858e+00	-1.567998e+02
2.120000e-06	1.646532e-09	-4.739803e-10	8.977412e+00	-1.499548e+02
2.130000e-06	1.704822e-09	-4.519850e-10	9.295946e+00	-1.430906e+02
2.140000e-06	1.762894e-09	-4.297782e-10	9.613385e+00	-1.361385e+02
2.150000e-06	1.820745e-09	-4.071786e-10	9.929656e+00	-1.290387e+02
2.160000e-06	1.878402e-09	-3.845410e-10	1.024490e+01	-1.219279e+02
2.170000e-06	1.935849e-09	-3.618128e-10	1.055900e+01	-1.148152e+02
2.180000e-06	1.993086e-09	-3.385259e-10	1.087189e+01	-1.075258e+02
2.190000e-06	2.050129e-09	-3.145674e-10	1.118372e+01	-1.000189e+02
2.200000e-06	2.106953e-09	-2.900573e-10	1.149433e+01	-9.232861e+01
2.210000e-06	2.163571e-09	-2.652953e-10	1.180368e+01	-8.454192e+01
2.220000e-06	2.220007e-09	-2.406750e-10	1.211197e+01	-7.681845e+01
2.230000e-06	2.276297e-09	-2.160179e-10	1.241937e+01	-6.909149e+01
2.240000e-06	2.332476e-09	-1.908549e-10	1.272598e+01	-6.117526e+01
2.250000e-06	2.388545e-09	-1.650794e-10	1.303189e+01	-5.303294e+01
2.260000e-06	2.444506e-09	-1.388042e-10	1.333718e+01	-4.471050e+01
2.270000e-06	2.500364e-09	-1.123272e-10	1.364182e+01	-3.634019e+01
2.280000e-06	2.556111e-09	-8.570894e-11	1.394582e+01	-2.794281e+01
2.290000e-06	2.611756e-09	-5.858193e-11	1.424926e+01	-1.938595e+01
2.300000e-06	2.667275e-09	-3.082246e-11	1.455204e+01	-1.062406e+01
2.310000e-06	2.722636e-09	-2.744251e-12	1.485407e+01	-1.743200e+00
2.320000e-06	2.777830e-09	2.549222e-11	1.515528e+01	7.182156e+00
2.330000e-06	2.832815e-09	5.417085e-11	1.545545e+01	1.623303e+01
2.340000e-06	2.887575e-09	8.342980e-11	1.575444e+01	2.548586e+01
2.350000e-06	2.942128e-09	1.131137e-10	1.605229e+01	3.487168e+01
2.360000e-06	2.996494e-09	1.430743e-10	1.634904e+01	4.433558e+01
2.370000e-06	3.050650e-09	1.732116e-10	1.664461e+01	5.384627e+01
2.380000e-06	3.104595e-09	2.037240e-10	1.693903e+01	6.342962e+01
2.390000e-06	3.158347e-09	2.348327e-10	1.723237e+01	7.320375e+01
2.400000e-06	3.211875e-09	2.663467e-10	1.752451e+01	8.314138e+01
2.410000e-06	3.265161e-09	2.979154e-10	1.781532e+01	9.310358e+01
2.420000e-06	3.318187e-09	3.293410e-10	1.810476e+01	1.029997e+02
2.430000e-06	3.370951e-09	3.607557e-10	1.839287e+01	1.128616e+02
2.440000e-06	3.423470e-09	3.924360e-10	1.867967e+01	1.228088e+02
2.450000e-06	3.475743e-09	4.243079e-10	1.896512e+01	1.328421e+02
2.460000e-06	3.527781e-09	4.562929e-10	1.924923e+01	1.429274e+02
2.470000e-06	3.579565e-09	4.885463e-10	1.953195e+01	1.531038e+02
2.480000e-06	3.631067e-09	5.209056e-10	1.981316e+01	1.632943e+02
2.490000e-06	3.682244e-09	5.530869e-10	2.009264e+01	1.733895e+02
2.500000e-06	3.733012e-09	5.850177e-10	2.037008e+01	1.833972e+02
2.510000e-06	3.783342e-09	6.167411e-10	2.064527e+01	1.933420e+02
2.520000e-06	3.833221e-09	6.484485e-10	2.091800e+01	2.032789e+02
2.530000e-06	3.882639e-09	6.804530e-10	2.118813e+01	2.133366e+02
2.540000e-06	3.931621e-09	7.127945e-10	2.145588e+01	2.235379e+02
2.550000e-06	3.980248e-09	7.450014e-10	2.172164e+01	2.336926e+02
2.560000e-06	4.028613e-09	7.766379e-10	2.198581e+01	2.436510e+02
2.570000e-06	4.076772e-09	8.074927e-10	2.224869e+01	2.533405e+02
2.580000e-06	4.124738e-09	8.376316e-10	2.251043e+01	2.627617e+02
2.590000e-06	4.172500e-09	8.675225e-10	2.277104e+01	2.720975e+02
2.600000e-06	4.220020e-09	8.975221e-10	2.303035e+01	2.814979e+02
2.610000e-06	4.267258e-09	9.276463e-10	2.328820e+01	2.909677e+02
2.620000e-06	4.314182e-09	9.577125e-10	2.354446e+01	3.004443e+02
2.630000e-06	4.360774e-09	9.874785e-10	2.379901e+01	3.098131e+02
2.640000e-06	4.407043e-09	1.016820e-09	2.405175e+01	3.190201e+02
2.650000e-06	4.453003e-09	1.045471e-09	2.430277e+01	3.280287e+02
2.660000e-06	4.498667e-09	1.073146e-09	2.455214e+01	3.367414e+02
2.670000e-06	4.544043e-09	1.099854e-09	2.479986e+01	3.451252e+02
2.680000e-06	4.589119e-09	1.126045e-09	2.504596e+01	3.533124e+02
2.690000e-06	4.633865e-09	1.152267e-09	2.529032e+01	3.614952e+02
2.700000e-06	4.678327e-09	1.178593e-09	2.553309e+01	3.697180e+02
2.710000e-06	4.722564e-09	1.204896e-09	2.577452e+01	3.779431e+02
2.720000e-06	4.766610e-09	1.230853e-09	2.601476e+01	3.860716e+02
2.730000e-06	4.810475e-09	1.256142e-09	2.625394e+01	3.939966e+02
2.740000e-06	4.854105e-09	1.280883e-09	2.649189e+01	4.017563e+02
2.750000e-06	4.897386e-09	1.305067e-09	2.672816e+01	4.093215e+02
2.760000e-06	4.940189e-09	1.328486e-09	2.696210e+01	4.166008e+02
2.770000e-06	4.982424e-09	1.351398e-09	2.719314e+01	4.236973e+02
2.780000e-06	5.024038e-09	1.374173e-09	2.742093e+01	4.307647e+02
2.790000e-06	5.065074e-09	1.396833e-09	2.764547e+01	4.378233e+02
2.800000e-06	5.105666e-09	1.419577e-09	2.786731e+01	4.449426e+02
2.810000e-06	5.145940e-09	1.442474e-09	2.808721e+01	4.521442e+02
2.820000e-06	5.185969e-09	1.464866e-09	2.830563e+01	4.591555e+02
2.830000e-06	5.225768e-09	1.486317e-09	2.852272e+01	4.658085e+02
2.840000e-06	5.265307e-09	1.507048e-09	2.873844e+01	4.722291e+02
2.850000e-06	5.304510e-09	1.527266e-09	2.895249e+01	4.785036e+02
2.860000e-06	5.343329e-09	1.547042e-09	2.916452e+01	4.846392e+02
2.870000e-06	5.381759e-09	1.566605e-09	2.937446e+01	4.907123e+02
2.880000e-06	5.419816e-09	1.586100e-09	2.958233e+01	4.967683e+02
2.890000e-06	5.457498e-09	1.605590e-09	2.978811e+01	5.028353e+02
2.900000e-06	5.494795e-09	1.625010e-09	2.999175e+01	5.089030e+02
2.910000e-06	5.531692e-09	1.643895e-09	3.019317e+01	5.148032e+02
2.920000e-06	5.568199e-09	1.661991e-09	3.039249e+01	5.204207e+02
2.930000e-06	5.604411e-09	1.679372e-09	3.059013e+01	5.258037e+02
2.940000e-06	5.640394e-09	1.695998e-09	3.078640e+01	5.309677e+02
2.950000e-06	5.676121e-09	1.712090e-09	3.098131e+01	5.359511e+02
2.960000e-06	5.711496e-09	1.728166e-09	3.117444e+01	5.409142e+02
2.970000e-06	5.746388e-09	1.744375e-09	3.136512e+01	5.459479e+02
2.980000e-06	5.780680e-09	1.760311e-09	3.155268e+01	5.509022e+02
2.990000e-06	5.814297e-09	1.775592e-09	3.173667e+01	5.556656e+02
3.000000e-06	5.847286e-09	1.790176e-09	3.191723e+01	5.602547e+02
3.010000e-06	5.879798e-09	1.804037e-09	3.209494e+01	5.646161e+02
3.020000e-06	5.911966e-09	1.817412e-09	3.227053e+01	5.687622e+02
3.030000e-06	5.943871e-09	1.830601e-09	3.244456e+01	5.727859e+02
3.040000e-06	5.975493e-09	1.843655e-09	3.261702e+01	5.767757e+02
3.050000e-06	6.006723e-09	1.856625e-09	3.278741e+01	5.808010e+02
3.060000e-06	6.037499e-09	1.869326e-09	3.295544e+01	5.847687e+02
3.070000e-06	6.067848e-09	1.881477e-09	3.312116e+01	5.885401e+02
3.080000e-06	6.097786e-09	1.893101e-09	3.328466e+01	5.921385e+02
3.090000e-06	6.127303e-09	1.904288e-09	3.344588e+01	5.956145e+02
3.100000e-06	6.156403e-09	1.915286e-09	3.360480e+01	5.990356e+02
3.110000e-06	6.185100e-09	1.926291e-09	3.376151e+01	6.024501e+02
3.120000e-06	6.213450e-09	1.937148e-09	3.391632e+01	6.057961e+02
3.130000e-06	6.241542e-09	1.947724e-09	3.406965e+01	6.090264e+02
3.140000e-06	6.269375e-09	1.958134e-09	3.422150e+01	6.122312e+02
3.150000e-06	6.296875e-09	1.968284e-09	3.437159e+01	6.154054e+02
3.160000e-06	6.323857e-09	1.977878e-09	3.451900e+01	6.183881e+02
3.170000e-06	6.350134e-09	1.987049e-09	3.466272e+01	6.211940e+02
3.180000e-06	6.375637e-09	1.996187e-09	3.480228e+01	6.239731e+02
3.190000e-06	6.400450e-09	2.005456e-09	3.493797e+01	6.268311e+02
3.200000e-06	6.424766e-09	2.014761e-09	3.507074e+01	6.297399e+02
3.210000e-06	6.448706e-09	2.023849e-09	3.520135e+01	6.325741e+02
3.220000e-06	6.472274e-09	2.032483e-09	3.532995e+01	6.352306e+02
3.230000e-06	6.495399e-09	2.040733e-09	3.545625e+01	6.377156e+02
3.240000e-06	6.518064e-09	2.048692e-09	3.558004e+01	6.401191e+02
3.250000e-06	6.540305e-09	2.056462e-09	3.570145e+01	6.424962e+02
3.260000e-06	6.562134e-09	2.064318e-09	3.582057e+01	6.449148e+02
3.270000e-06	6.583520e-09	2.072322e-09	3.593732e+01	6.473948e+02
3.280000e-06	6.604428e-09	2.080312e-09	3.605151e+01	6.498823e+02
3.290000e-06	6.624915e-09	2.088066e-09	3.616334e+01	6.523040e+02
3.300000e-06	6.645078e-09	2.095578e-09	3.627327e+01	6.546460e+02
3.310000e-06	6.664954e-09	2.102819e-09	3.638160e+01	6.568824e+02
3.320000e-06	6.684486e-09	2.109662e-09	3.648817e+01	6.589548e+02
3.330000e-06	6.703543e-09	2.116218e-09	3.659225e+01	6.609248e+02
3.340000e-06	6.722034e-09	2.122661e-09	3.669328e+01	6.628948e+02
3.350000e-06	6.739975e-09	2.129103e-09	3.679132e+01	6.649151e+02
3.360000e-06	6.757467e-09	2.135626e-09	3.688676e+01	6.669884e+02
3.370000e-06	6.774595e-09	2.142119e-09	3.698015e+01	6.690328e+02
3.380000e-06	6.791326e-09	2.148321e-09	3.707154e+01	6.709362e+02
3.390000e-06	6.807557e-09	2.154103e-09	3.716029e+01	6.726874e+02
3.400000e-06	6.823196e-09	2.159665e-09	3.724581e+01	6.743959e+02
3.410000e-06	6.838190e-09	2.165164e-09	3.732775e+01	6.761270e+02
3.420000e-06	6.852599e-09	2.170376e-09	3.740649e+01	6.777676e+02
3.430000e-06	6.866510e-09	2.175263e-09	3.748251e+01	6.792671e+02
3.440000e-06	6.879917e-09	2.180051e-09	3.755573e+01	6.807331e+02
3.450000e-06	6.892785e-09	2.184828e-09	3.762600e+01	6.822217e+02
3.460000e-06	6.905174e-09	2.189557e-09	3.769365e+01	6.837098e+02
3.470000e-06	6.917123e-09	2.193923e-09	3.775892e+01	6.850668e+02
3.480000e-06	6.928558e-09	2.197791e-09	3.782148e+01	6.862173e+02
3.490000e-06	6.939327e-09	2.201499e-09	3.788053e+01	6.873086e+02
3.500000e-06	6.949325e-09	2.205314e-09	3.793547e+01	6.884856e+02
3.510000e-06	6.958585e-09	2.209196e-09	3.798624e+01	6.897410e+02
3.520000e-06	6.967227e-09	2.212696e-09	3.803344e+01	6.908772e+02
3.530000e-06	6.975433e-09	2.215535e-09	3.807824e+01	6.917392e+02
3.540000e-06	6.983320e-09	2.218155e-09	3.812126e+01	6.924858e+02
3.550000e-06	6.990838e-09	2.220880e-09	3.816227e+01	6.933090e+02
3.560000e-06	6.997887e-09	2.223734e-09	3.820076e+01	6.942365e+02
3.570000e-06	7.004424e-09	2.226592e-09	3.823648e+01	6.951507e+02
3.580000e-06	7.010475e-09	2.228968e-09	3.826958e+01	6.958593e+02
3.590000e-06	7.016032e-09	2.230875e-09	3.829997e+01	6.964076e+02
3.600000e-06	7.021073e-09	2.232690e-09	3.832760e+01	6.969690e+02
3.610000e-06	7.025647e-09	2.234427e-09	3.835267e+01	6.975536e+02
3.620000e-06	7.029858e-09	2.235958e-09	3.837559e+01	6.980278e+02
3.630000e-06	7.033767e-09	2.237193e-09	3.839683e+01	6.983464e+02
3.640000e-06	7.037278e-09	2.238286e-09	3.841601e+01	6.986390e+02
3.650000e-06	7.040231e-09	2.239460e-09	3.843225e+01	6.990255e+02
3.660000e-06	7.042490e-09	2.240529e-09	3.844474e+01	6.994094e+02
3.670000e-06	7.043996e-09	2.241249e-09	3.845317e+01	6.996401e+02
3.680000e-06	7.044839e-09	2.241709e-09	3.845791e+01	6.997242e+02
3.690000e-06	7.045191e-09	2.242041e-09	3.845982e+01	6.997565e+02
3.700000e-06	7.045190e-09	2.242464e-09	3.845981e+01	6.998744e+02
3.710000e-06	7.044826e-09	2.243239e-09	3.845784e+01	7.001206e+02
3.720000e-06	7.043973e-09	2.243704e-09	3.845331e+01	7.002614e+02
3.730000e-06	7.042622e-09	2.243236e-09	3.844606e+01	7.001012e+02
3.740000e-06	7.040839e-09	2.242603e-09	3.843637e+01	6.998785e+02
3.750000e-06	7.038650e-09	2.242337e-09	3.842437e+01	6.998099e+02
3.760000e-06	7.036025e-09	2.243023e-09	3.840999e+01	7.000594e+02
3.770000e-06	7.032931e-09	2.246295e-09	3.839310e+01	7.010141e+02
3.780000e-06	7.029399e-09	2.249279e-09	3.837384e+01	7.017138e+02
3.790000e-06	7.025360e-09	2.238491e-09	3.835179e+01	6.987325e+02
3.800000e-06	7.020566e-09	2.220175e-09	3.832564e+01	6.940241e+02
3.810000e-06	7.014965e-09	2.237672e-09	3.829507e+01	6.983677e+02
3.820000e-06	7.008872e-09	2.272089e-09	3.826188e+01	7.074212e+02
3.830000e-06	7.002529e-09	2.246758e-09	3.822741e+01	7.015501e+02
3.840000e-06	6.995768e-09	2.200415e-09	3.819056e+01	6.889881e+02
3.850000e-06	6.988412e-09	2.224403e-09	3.815041e+01	6.944943e+02
3.860000e-06	6.980581e-09	2.270522e-09	3.810771e+01	7.069405e+02
3.870000e-06	6.972431e-09	2.244740e-09	3.806327e+01	7.010707e+02
3.880000e-06	6.963852e-09	2.198546e-09	3.801652e+01	6.890939e+02
3.890000e-06	6.954664e-09	2.225647e-09	3.796643e+01	6.952642e+02
3.900000e-06	6.944959e-09	2.267166e-09	3.791351e+01	7.057460e+02
3.910000e-06	6.934898e-09	2.233036e-09	3.785867e+01	6.975326e+02
3.920000e-06	6.924407e-09	2.193720e-09	3.780146e+01	6.876381e+02
3.930000e-06	6.913331e-09	2.235783e-09	3.774101e+01	6.980197e+02
3.940000e-06	6.901685e-09	2.267803e-09	3.767748e+01	7.062538e+02
3.950000e-06	6.889520e-09	2.210150e-09	3.761111e+01	6.910328e+02
3.960000e-06	6.876669e-09	2.179200e-09	3.754103e+01	6.821122e+02
3.970000e-06	6.863036e-09	2.243431e-09	3.746673e+01	6.994417e+02
3.980000e-06	6.848719e-09	2.270908e-09	3.738865e+01	7.086861e+02
3.990000e-06	6.833765e-09	2.212196e-09	3.730708e+01	6.932925e+02
4.000000e-06	6.818273e-09	2.198151e-09	3.722258e+01	6.869428e+02
4.010000e-06	6.802400e-09	2.239341e-09	3.713602e+01	6.968738e+02
4.020000e-06	6.786190e-09	2.220690e-09	3.704756e+01	6.939859e+02
4.030000e-06	6.769532e-09	2.190572e-09	3.695659e+01	6.870727e+02
4.040000e-06	6.752349e-09	2.240590e-09	3.686279e+01	7.000475e+02
4.050000e-06	6.734714e-09	2.266892e-09	3.676660e+01	7.076802e+02
4.060000e-06	6.716664e-09	2.204336e-09	3.666811e+01	6.906123e+02
4.070000e-06	6.698157e-09	2.181281e-09	3.656702e+01	6.817245e+02
4.080000e-06	6.679193e-09	2.221421e-09	3.646344e+01	6.914398e+02
4.090000e-06	6.659805e-09	2.206255e-09	3.635762e+01	6.895461e+02
4.100000e-06	6.640030e-09	2.176089e-09	3.624973e+01	6.824891e+02
4.110000e-06	6.619947e-09	2.221421e-09	3.614014e+01	6.941006e+02
4.120000e-06	6.599526e-09	2.244780e-09	3.602861e+01	7.011802e+02
4.130000e-06	6.578579e-09	2.195640e-09	3.591420e+01	6.880039e+02
4.140000e-06	6.556928e-09	2.191391e-09	3.579602e+01	6.843621e+02
4.150000e-06	6.534507e-09	2.222235e-09	3.567369e+01	6.917984e+02
4.160000e-06	6.511402e-09	2.188774e-09	3.554766e+01	6.837931e+02
4.170000e-06	6.487810e-09	2.162517e-09	3.541893e+01	6.759246e+02
4.180000e-06	6.463879e-09	2.197623e-09	3.528837e+01	6.847310e+02
4.190000e-06	6.439617e-09	2.196975e-09	3.515606e+01	6.858083e+02
4.200000e-06	6.414968e-09	2.165356e-09	3.502158e+01	6.770390e+02
4.210000e-06	6.389877e-09	2.177585e-09	3.488469e+01	6.792837e+02
4.220000e-06	6.364333e-09	2.183669e-09	3.474540e+01	6.814866e+02
4.230000e-06	6.338337e-09	2.158510e-09	3.460361e+01	6.746267e+02
4.240000e-06	6.311858e-09	2.160746e-09	3.445915e+01	6.743440e+02
4.250000e-06	6.284898e-09	2.170057e-09	3.431203e+01	6.772643e+02
4.260000e-06	6.257498e-09	2.153359e-09	3.416252e+01	6.728348e+02
4.270000e-06	6.229761e-09	2.148347e-09	3.401122e+01	6.707010e+02
4.280000e-06	6.201771e-09	2.151760e-09	3.385855e+01	6.718472e+02
4.290000e-06	6.173492e-09	2.139776e-09	3.370427e+01	6.685749e+02
4.300000e-06	6.144788e-09	2.136155e-09	3.354760e+01	6.667373e+02
4.310000e-06	6.115478e-09	2.136684e-09	3.338748e+01	6.670208e+02
4.320000e-06	6.085432e-09	2.123685e-09	3.322334e+01	6.636006e+02
4.330000e-06	6.054692e-09	2.121305e-09	3.305548e+01	6.621193e+02
4.340000e-06	6.023414e-09	2.125075e-09	3.288476e+01	6.632579e+02
4.350000e-06	5.991741e-09	2.112557e-09	3.271197e+01	6.601815e+02
4.360000e-06	5.959748e-09	2.105225e-09	3.253744e+01	6.574261e+02
4.370000e-06	5.927431e-09	2.106707e-09	3.236104e+01	6.575814e+02
4.380000e-06	5.894717e-09	2.096063e-09	3.218251e+01	6.549460e+02
4.390000e-06	5.861558e-09	2.088928e-09	3.200160e+01	6.524165e+02
4.400000e-06	5.827996e-09	2.091965e-09	3.181844e+01	6.528940e+02
4.410000e-06	5.794075e-09	2.084252e-09	3.163328e+01	6.510402e+02
4.420000e-06	5.759789e-09	2.074026e-09	3.144614e+01	6.479480e+02
4.430000e-06	5.725110e-09	2.073389e-09	3.125686e+01	6.473764e+02
4.440000e-06	5.690026e-09	2.067964e-09	3.106532e+01	6.459406e+02
4.450000e-06	5.654580e-09	2.057862e-09	3.087189e+01	6.429252e+02
4.460000e-06	5.618843e-09	2.053472e-09	3.067693e+01	6.413176e+02
4.470000e-06	5.582841e-09	2.048916e-09	3.048055e+01	6.398988e+02
4.480000e-06	5.546563e-09	2.041954e-09	3.028260e+01	6.378056e+02
4.490000e-06	5.509900e-09	2.037398e-09	3.008241e+01	6.363706e+02
4.500000e-06	5.472687e-09	2.033040e-09	2.987916e+01	6.350539e+02
4.510000e-06	5.434849e-09	2.026868e-09	2.967242e+01	6.331675e+02
4.520000e-06	5.396376e-09	2.019848e-09	2.946221e+01	6.310418e+02
4.530000e-06	5.357334e-09	2.012685e-09	2.924900e+01	6.288643e+02
4.540000e-06	5.317856e-09	2.006946e-09	2.903353e+01	6.269762e+02
4.550000e-06	5.278061e-09	2.001141e-09	2.881644e+01	6.251395e+02
4.560000e-06	5.238012e-09	1.993533e-09	2.859797e+01	6.228687e+02
4.570000e-06	5.197710e-09	1.987089e-09	2.837806e+01	6.208400e+02
4.580000e-06	5.157119e-09	1.982263e-09	2.815652e+01	6.193031e+02
4.590000e-06	5.116194e-09	1.975833e-09	2.793317e+01	6.174025e+02
4.600000e-06	5.074906e-09	1.968755e-09	2.770784e+01	6.152405e+02
4.610000e-06	5.033266e-09	1.962542e-09	2.748061e+01	6.133023e+02
4.620000e-06	4.991275e-09	1.955268e-09	2.725144e+01	6.111087e+02
4.630000e-06	4.948913e-09	1.947102e-09	2.702015e+01	6.086048e+02
4.640000e-06	4.906167e-09	1.940114e-09	2.678676e+01	6.063663e+02
4.650000e-06	4.863058e-09	1.933465e-09	2.655139e+01	6.042870e+02
4.660000e-06	4.819625e-09	1.925806e-09	2.631432e+01	6.019443e+02
4.670000e-06	4.775923e-09	1.918338e-09	2.607590e+01	5.996470e+02
4.680000e-06	4.732011e-09	1.911827e-09	2.583635e+01	5.976365e+02
4.690000e-06	4.687905e-09	1.905104e-09	2.559567e+01	5.955830e+02
4.700000e-06	4.643575e-09	1.897817e-09	2.535372e+01	5.933769e+02
4.710000e-06	4.598964e-09	1.890107e-09	2.511012e+01	5.910476e+02
4.720000e-06	4.553997e-09	1.881805e-09	2.486449e+01	5.885072e+02
4.730000e-06	4.508654e-09	1.873798e-09	2.461682e+01	5.859898e+02
4.740000e-06	4.462945e-09	1.866496e-09	2.436723e+01	5.836722e+02
4.750000e-06	4.416899e-09	1.859059e-09	2.411588e+01	5.813773e+02
4.760000e-06	4.370564e-09	1.851454e-09	2.386299e+01	5.790496e+02
4.770000e-06	4.323980e-09	1.844140e-09	2.360877e+01	5.768064e+02
4.780000e-06	4.277162e-09	1.836706e-09	2.335326e+01	5.745371e+02
4.790000e-06	4.230091e-09	1.828888e-09	2.309621e+01	5.721318e+02
4.800000e-06	4.182729e-09	1.821111e-09	2.283747e+01	5.697143e+02
4.810000e-06	4.135032e-09	1.813073e-09	2.257688e+01	5.672286e+02
4.820000e-06	4.086974e-09	1.804216e-09	2.231431e+01	5.644758e+02
4.830000e-06	4.038530e-09	1.795479e-09	2.204951e+01	5.617090e+02
4.840000e-06	3.989710e-09	1.787590e-09	2.178266e+01	5.592371e+02
4.850000e-06	3.940539e-09	1.779623e-09	2.151406e+01	5.568070e+02
4.860000e-06	3.891054e-09	1.770931e-09	2.124385e+01	5.541855e+02
4.870000e-06	3.841270e-09	1.761979e-09	2.097203e+01	5.514459e+02
4.880000e-06	3.791197e-09	1.753188e-09	2.069858e+01	5.486855e+02
4.890000e-06	3.740835e-09	1.744666e-09	2.042353e+01	5.459768e+02
4.900000e-06	3.690154e-09	1.736277e-09	2.014670e+01	5.433569e+02
4.910000e-06	3.639163e-09	1.727651e-09	1.986820e+01	5.407045e+02
4.920000e-06	3.587884e-09	1.718621e-09	1.958819e+01	5.379012e+02
4.930000e-06	3.536354e-09	1.709624e-09	1.930679e+01	5.350852e+02
4.940000e-06	3.484586e-09	1.701116e-09	1.902414e+01	5.324372e+02
4.950000e-06	3.432599e-09	1.693068e-09	1.874029e+01	5.299379e+02
4.960000e-06	3.380401e-09	1.684713e-09	1.845524e+01	5.273755e+02
4.970000e-06	3.327945e-09	1.675238e-09	1.816878e+01	5.244689e+02
4.980000e-06	3.275217e-09	1.665223e-09	1.788068e+01	5.213199e+02
4.990000e-06	3.222203e-09	1.655623e-09	1.759092e+01	5.182473e+02
5.000000e-06	3.168869e-09	1.646275e-09	1.729941e+01	5.152955e+02
5.010000e-06	3.115162e-09	1.636696e-09	1.700590e+01	5.123346e+02
5.020000e-06	3.061064e-09	1.627043e-09	1.671034e+01	5.093470e+02
5.030000e-06	3.006616e-09	1.617657e-09	1.641287e+01	5.064175e+02
5.040000e-06	2.951834e-09	1.608357e-09	1.611364e+01	5.035234e+02
5.050000e-06	2.896719e-09	1.598896e-09	1.581278e+01	5.005931e+02
5.060000e-06	2.841341e-09	1.589276e-09	1.551054e+01	4.976234e+02
5.070000e-06	2.785773e-09	1.579434e-09	1.520728e+01	4.945786e+02
5.080000e-06	2.730045e-09	1.569235e-09	1.490324e+01	4.913880e+02
5.090000e-06	2.674199e-09	1.558935e-09	1.459858e+01	4.881423e+02
5.100000e-06	2.618247e-09	1.549007e-09	1.429332e+01	4.850205e+02
5.110000e-06	2.562193e-09	1.539297e-09	1.398747e+01	4.820112e+02
5.120000e-06	2.506034e-09	1.529103e-09	1.368095e+01	4.788658e+02
5.130000e-06	2.449745e-09	1.518332e-09	1.337372e+01	4.755249e+02
5.140000e-06	2.393308e-09	1.507744e-09	1.306575e+01	4.722390e+02
5.150000e-06	2.336723e-09	1.497349e-09	1.275688e+01	4.690265e+02
5.160000e-06	2.280006e-09	1.486613e-09	1.244719e+01	4.657129e+02
5.170000e-06	2.223138e-09	1.475553e-09	1.213664e+01	4.622754e+02
5.180000e-06	2.166081e-09	1.464340e-09	1.182509e+01	4.587267e+02
5.190000e-06	2.108844e-09	1.452805e-09	1.151261e+01	4.550754e+02
5.200000e-06	2.051428e-09	1.441387e-09	1.119918e+01	4.514914e+02
5.210000e-06	1.993845e-09	1.430281e-09	1.088485e+01	4.480372e+02
5.220000e-06	1.936140e-09	1.418810e-09	1.056985e+01	4.444954e+02
5.230000e-06	1.878323e-09	1.407107e-09	1.025422e+01	4.408620e+02
5.240000e-06	1.820385e-09	1.395330e-09	9.937956e+00	4.371933e+02
5.250000e-06	1.762332e-09	1.383162e-09	9.621044e+00	4.334265e+02
5.260000e-06	1.704164e-09	1.371016e-09	9.303454e+00	4.296559e+02
5.270000e-06	1.645876e-09	1.359007e-09	8.985218e+00	4.258892e+02
5.280000e-06	1.587485e-09	1.346569e-09	8.666332e+00	4.220278e+02
5.290000e-06	1.528993e-09	1.334167e-09	8.346887e+00	4.181719e+02
5.300000e-06	1.470374e-09	1.322209e-09	8.026777e+00	4.144114e+02
5.310000e-06	1.411638e-09	1.309913e-09	7.705985e+00	4.105821e+02
5.320000e-06	1.352792e-09	1.296862e-09	7.384669e+00	4.065423e+02
5.330000e-06	1.293821e-09	1.283322e-09	7.062744e+00	4.023295e+02
5.340000e-06	1.234740e-09	1.269498e-09	6.740222e+00	3.980193e+02
5.350000e-06	1.175582e-09	1.255930e-09	6.417265e+00	3.938076e+02
5.360000e-06	1.116353e-09	1.243259e-09	6.093992e+00	3.898851e+02
5.370000e-06	1.057058e-09	1.230996e-09	5.770420e+00	3.860702e+02
5.380000e-06	9.976971e-10	1.218071e-09	5.446485e+00	3.820535e+02
5.390000e-06	9.382863e-10	1.204276e-09	5.122258e+00	3.777510e+02
5.400000e-06	8.788416e-10	1.190021e-09	4.797811e+00	3.732725e+02
5.410000e-06	8.193338e-10	1.175527e-09	4.473061e+00	3.687480e+02
5.420000e-06	7.597776e-10	1.160787e-09	4.148079e+00	3.641783e+02
5.430000e-06	7.001877e-10	1.146255e-09	3.822894e+00	3.596735e+02
5.440000e-06	6.405433e-10	1.132417e-09	3.497455e+00	3.554022e+02
5.450000e-06	5.808605e-10	1.118891e-09	3.171863e+00	3.512002e+02
5.460000e-06	5.211530e-10	1.105028e-09	2.846163e+00	3.468463e+02
5.470000e-06	4.614153e-10	1.090346e-09	2.520300e+00	3.422356e+02
5.480000e-06	4.016600e-10	1.074694e-09	2.194304e+00	3.373261e+02
5.490000e-06	3.418883e-10	1.058506e-09	1.868158e+00	3.322452e+02
5.500000e-06	2.820939e-10	1.042689e-09	1.541912e+00	3.272989e+02
5.510000e-06	2.222947e-10	1.027944e-09	1.215686e+00	3.227403e+02
5.520000e-06	1.624995e-10	1.013561e-09	8.894816e-01	3.183302e+02
5.530000e-06	1.026996e-10	9.983203e-10	5.632658e-01	3.136360e+02
5.540000e-06	4.290178e-11	9.821721e-10	2.370528e-01	3.086097e+02
5.550000e-06	-1.689037e-11	9.657780e-10	-8.917353e-02	3.034560e+02
5.560000e-06	-7.668261e-11	9.495541e-10	-4.154596e-01	2.983263e+02
5.570000e-06	-1.364779e-10	9.334529e-10	-7.417549e-01	2.932694e+02
5.580000e-06	-1.962674e-10	9.172450e-10	-1.067965e+00	2.882347e+02
5.590000e-06	-2.560465e-10	9.008313e-10	-1.394134e+00	2.831531e+02
5.600000e-06	-3.158157e-10	8.842837e-10	-1.720256e+00	2.780347e+02
5.610000e-06	-3.755721e-10	8.677904e-10	-2.046280e+00	2.729254e+02
5.620000e-06	-4.353132e-10	8.511941e-10	-2.372237e+00	2.677536e+02
5.630000e-06	-4.950362e-10	8.339686e-10	-2.698111e+00	2.623581e+02
5.640000e-06	-5.547304e-10	8.164428e-10	-3.023810e+00	2.568480e+02
5.650000e-06	-6.143768e-10	7.992243e-10	-3.349263e+00	2.514379e+02
5.660000e-06	-6.739763e-10	7.821822e-10	-3.674493e+00	2.460994e+02
5.670000e-06	-7.335323e-10	7.648661e-10	-3.999471e+00	2.407105e+02
5.680000e-06	-7.930552e-10	7.467105e-10	-4.324205e+00	2.350949e+02
5.690000e-06	-8.525416e-10	7.278410e-10	-4.648769e+00	2.292466e+02
5.700000e-06	-9.119629e-10	7.092528e-10	-4.973088e+00	2.234575e+02
5.710000e-06	-9.713113e-10	6.913905e-10	-5.297038e+00	2.178742e+02
5.720000e-06	-1.030601e-09	6.736174e-10	-5.620641e+00	2.123268e+02
5.730000e-06	-1.089832e-09	6.552943e-10	-5.943944e+00	2.066054e+02
5.740000e-06	-1.148970e-09	6.364905e-10	-6.266814e+00	2.007163e+02
5.750000e-06	-1.208016e-09	6.173648e-10	-6.589219e+00	1.947324e+02
5.760000e-06	-1.266969e-09	5.980893e-10	-6.911145e+00	1.886907e+02
5.770000e-06	-1.325813e-09	5.787216e-10	-7.232467e+00	1.826380e+02
5.780000e-06	-1.384552e-09	5.588170e-10	-7.553180e+00	1.764315e+02
5.790000e-06	-1.443178e-09	5.384548e-10	-7.873314e+00	1.700426e+02
5.800000e-06	-1.501702e-09	5.181595e-10	-8.192915e+00	1.636547e+02
5.810000e-06	-1.560113e-09	4.978863e-10	-8.511883e+00	1.572755e+02
5.820000e-06	-1.618397e-09	4.774895e-10	-8.830123e+00	1.508552e+02
5.830000e-06	-1.676563e-09	4.565880e-10	-9.147704e+00	1.442876e+02
5.840000e-06	-1.734631e-09	4.346789e-10	-9.464696e+00	1.373928e+02
5.850000e-06	-1.792594e-09	4.124021e-10	-9.781069e+00	1.303671e+02
5.860000e-06	-1.850430e-09	3.904579e-10	-1.009678e+01	1.234689e+02
5.870000e-06	-1.908129e-09	3.684144e-10	-1.041180e+01	1.165459e+02
5.880000e-06	-1.965681e-09	3.456272e-10	-1.072604e+01	1.093730e+02
5.890000e-06	-2.023079e-09	3.220481e-10	-1.103942e+01	1.019183e+02
5.900000e-06	-2.080315e-09	2.980833e-10	-1.135191e+01	9.432511e+01
5.910000e-06	-2.137384e-09	2.740499e-10	-1.166351e+01	8.670930e+01
5.920000e-06	-2.194277e-09	2.500904e-10	-1.197416e+01	7.912078e+01
5.930000e-06	-2.250979e-09	2.259551e-10	-1.228374e+01	7.152075e+01
5.940000e-06	-2.307511e-09	2.009697e-10	-1.259229e+01	6.369064e+01
5.950000e-06	-2.363880e-09	1.750222e-10	-1.289994e+01	5.554328e+01
5.960000e-06	-2.420116e-09	1.483937e-10	-1.320690e+01	4.714538e+01
5.970000e-06	-2.476252e-09	1.212482e-10	-1.351329e+01	3.854351e+01
5.980000e-06	-2.532281e-09	9.391632e-11	-1.381901e+01	2.988645e+01
5.990000e-06	-2.588202e-09	6.652607e-11	-1.412409e+01	2.124190e+01
6.000000e-06	-2.644020e-09	3.908571e-11	-1.442860e+01	1.259385e+01
6.010000e-06	-2.699728e-09	1.170803e-11	-1.473252e+01	4.003059e+00
6.020000e-06	-2.755301e-09	-1.592958e-11	-1.503576e+01	-4.643501e+00
6.030000e-06	-2.810706e-09	-4.435080e-11	-1.533813e+01	-1.354767e+01
6.040000e-06	-2.865860e-09	-7.372888e-11	-1.563926e+01	-2.276678e+01
6.050000e-06	-2.920697e-09	-1.038035e-10	-1.593881e+01	-3.222199e+01
6.060000e-06	-2.975206e-09	-1.340927e-10	-1.623665e+01	-4.175788e+01
6.070000e-06	-3.029379e-09	-1.642112e-10	-1.653272e+01	-5.124218e+01
6.080000e-06	-3.083186e-09	-1.940255e-10	-1.682689e+01	-6.062252e+01
6.090000e-06	-3.136624e-09	-2.238856e-10	-1.711900e+01	-7.000321e+01
6.100000e-06	-3.189725e-09	-2.541210e-10	-1.740914e+01	-7.949571e+01
6.110000e-06	-3.242494e-09	-2.848052e-10	-1.769749e+01	-8.911579e+01
6.120000e-06	-3.294974e-09	-3.161468e-10	-1.798423e+01	-9.894257e+01
6.130000e-06	-3.347222e-09	-3.479938e-10	-1.826958e+01	-1.089480e+02
6.140000e-06	-3.399253e-09	-3.799092e-10	-1.855371e+01	-1.189754e+02
6.150000e-06	-3.451067e-09	-4.116753e-10	-1.883658e+01	-1.289465e+02
6.160000e-06	-3.502650e-09	-4.430152e-10	-1.911816e+01	-1.387747e+02
6.170000e-06	-3.553983e-09	-4.739235e-10	-1.939836e+01	-1.484534e+02
6.180000e-06	-3.605048e-09	-5.049647e-10	-1.967711e+01	-1.581837e+02
6.190000e-06	-3.655818e-09	-5.364504e-10	-1.995435e+01	-1.680889e+02
6.200000e-06	-3.706284e-09	-5.683261e-10	-2.022999e+01	-1.781041e+02
6.210000e-06	-3.756468e-09	-6.005620e-10	-2.050409e+01	-1.881787e+02
6.220000e-06	-3.806365e-09	-6.328227e-10	-2.077664e+01	-1.982646e+02
6.230000e-06	-3.855934e-09	-6.645816e-10	-2.104743e+01	-2.082315e+02
6.240000e-06	-3.905124e-09	-6.957380e-10	-2.131622e+01	-2.180232e+02
6.250000e-06	-3.953892e-09	-7.266890e-10	-2.158276e+01	-2.277522e+02
6.260000e-06	-4.002219e-09	-7.576870e-10	-2.184689e+01	-2.374751e+02
6.270000e-06	-4.050133e-09	-7.887190e-10	-2.210873e+01	-2.471774e+02
6.280000e-06	-4.097666e-09	-8.196998e-10	-2.236844e+01	-2.568781e+02
6.290000e-06	-4.144826e-09	-8.503591e-10	-2.262606e+01	-2.664958e+02
6.300000e-06	-4.191683e-09	-8.805595e-10	-2.288199e+01	-2.759359e+02
6.310000e-06	-4.238311e-09	-9.104496e-10	-2.313656e+01	-2.852605e+02
6.320000e-06	-4.284721e-09	-9.399473e-10	-2.338984e+01	-2.944752e+02
6.330000e-06	-4.330927e-09	-9.691026e-10	-2.364195e+01	-3.036083e+02
6.340000e-06	-4.376923e-09	-9.982692e-10	-2.389293e+01	-3.127871e+02
6.350000e-06	-4.422664e-09	-1.027337e-09	-2.414259e+01	-3.219285e+02
6.360000e-06	-4.468096e-09	-1.055932e-09	-2.439064e+01	-3.308732e+02
6.370000e-06	-4.513191e-09	-1.083989e-09	-2.463687e+01	-3.396205e+02
6.380000e-06	-4.557949e-09	-1.111534e-09	-2.488126e+01	-3.482217e+02
6.390000e-06	-4.602401e-09	-1.138557e-09	-2.512404e+01	-3.566910e+02
6.400000e-06	-4.646613e-09	-1.165112e-09	-2.536541e+01	-3.650170e+02
6.410000e-06	-4.690619e-09	-1.191324e-09	-2.560553e+01	-3.732228e+02
6.420000e-06	-4.734436e-09	-1.217395e-09	-2.584455e+01	-3.813548e+02
6.430000e-06	-4.778050e-09	-1.243176e-09	-2.608252e+01	-3.894088e+02
6.440000e-06	-4.821373e-09	-1.268268e-09	-2.631900e+01	-3.972948e+02
6.450000e-06	-4.864324e-09	-1.292654e-09	-2.655348e+01	-4.049461e+02
6.460000e-06	-4.906906e-09	-1.316502e-09	-2.678595e+01	-4.123893e+02
6.470000e-06	-4.949149e-09	-1.339764e-09	-2.701659e+01	-4.196513e+02
6.480000e-06	-4.991092e-09	-1.362527e-09	-2.724550e+01	-4.267782e+02
6.490000e-06	-5.032728e-09	-1.385074e-09	-2.747273e+01	-4.338582e+02
6.500000e-06	-5.073975e-09	-1.407461e-09	-2.769792e+01	-4.408846e+02
6.510000e-06	-5.114821e-09	-1.429304e-09	-2.792097e+01	-4.476953e+02
6.520000e-06	-5.155312e-09	-1.450428e-09	-2.814207e+01	-4.542552e+02
6.530000e-06	-5.195518e-09	-1.471048e-09	-2.836152e+01	-4.606697e+02
6.540000e-06	-5.235502e-09	-1.491134e-09	-2.857968e+01	-4.669330e+02
6.550000e-06	-5.275274e-09	-1.510804e-09	-2.879670e+01	-4.730710e+02
6.560000e-06	-5.314765e-09	-1.530271e-09	-2.901220e+01	-4.791289e+02
6.570000e-06	-5.353877e-09	-1.549425e-09	-2.922570e+01	-4.850653e+02
6.580000e-06	-5.392510e-09	-1.568151e-09	-2.943668e+01	-4.908790e+02
6.590000e-06	-5.430548e-09	-1.586572e-09	-2.964455e+01	-4.966116e+02
6.600000e-06	-5.467944e-09	-1.604836e-09	-2.984890e+01	-5.022887e+02
6.610000e-06	-5.504759e-09	-1.622689e-09	-3.005005e+01	-5.078127e+02
6.620000e-06	-5.541140e-09	-1.639892e-09	-3.024877e+01	-5.130933e+02
6.630000e-06	-5.577219e-09	-1.656803e-09	-3.044567e+01	-5.182988e+02
6.640000e-06	-5.613039e-09	-1.673891e-09	-3.064111e+01	-5.236216e+02
6.650000e-06	-5.648589e-09	-1.690942e-09	-3.083510e+01	-5.289469e+02
6.660000e-06	-5.683794e-09	-1.707390e-09	-3.102728e+01	-5.340505e+02
6.670000e-06	-5.718571e-09	-1.723137e-09	-3.121721e+01	-5.389165e+02
6.680000e-06	-5.752930e-09	-1.738548e-09	-3.140488e+01	-5.436765e+02
6.690000e-06	-5.786902e-09	-1.753867e-09	-3.159044e+01	-5.484214e+02
6.700000e-06	-5.820484e-09	-1.769029e-09	-3.177379e+01	-5.531498e+02
6.710000e-06	-5.853630e-09	-1.783905e-09	-3.195471e+01	-5.577799e+02
6.720000e-06	-5.886344e-09	-1.798363e-09	-3.213324e+01	-5.622255e+02
6.730000e-06	-5.918682e-09	-1.812357e-09	-3.230970e+01	-5.665162e+02
6.740000e-06	-5.950701e-09	-1.826120e-09	-3.248443e+01	-5.707949e+02
6.750000e-06	-5.982423e-09	-1.839821e-09	-3.265753e+01	-5.750981e+02
6.760000e-06	-6.013752e-09	-1.853167e-09	-3.282852e+01	-5.792690e+02
6.770000e-06	-6.044541e-09	-1.865812e-09	-3.299668e+01	-5.831748e+02
6.780000e-06	-6.074675e-09	-1.877875e-09	-3.316136e+01	-5.868880e+02
6.790000e-06	-6.104133e-09	-1.889777e-09	-3.332230e+01	-5.905848e+02
6.800000e-06	-6.132989e-09	-1.901668e-09	-3.347989e+01	-5.943206e+02
6.810000e-06	-6.161378e-09	-1.913102e-09	-3.363490e+01	-5.978981e+02
6.820000e-06	-6.189443e-09	-1.923804e-09	-3.378808e+01	-6.011967e+02
6.830000e-06	-6.217236e-09	-1.934114e-09	-3.393967e+01	-6.043755e+02
6.840000e-06	-6.244694e-09	-1.944344e-09	-3.408949e+01	-6.075544e+02
6.850000e-06	-6.271731e-09	-1.954456e-09	-3.423709e+01	-6.107259e+02
6.860000e-06	-6.298304e-09	-1.964313e-09	-3.438214e+01	-6.138054e+02
6.870000e-06	-6.324421e-09	-1.973749e-09	-3.452471e+01	-6.167056e+02
6.880000e-06	-6.350082e-09	-1.982675e-09	-3.466472e+01	-6.194428e+02
6.890000e-06	-6.375265e-09	-1.991286e-09	-3.480207e+01	-6.221239e+02
6.900000e-06	-6.399981e-09	-1.999745e-09	-3.493699e+01	-6.247932e+02
6.910000e-06	-6.424294e-09	-2.008158e-09	-3.506972e+01	-6.274095e+02
6.920000e-06	-6.448302e-09	-2.016504e-09	-3.520072e+01	-6.299371e+02
6.930000e-06	-6.472040e-09	-2.024761e-09	-3.533023e+01	-6.324541e+02
6.940000e-06	-6.495392e-09	-2.032878e-09	-3.545769e+01	-6.349882e+02
6.950000e-06	-6.518187e-09	-2.040563e-09	-3.558216e+01	-6.374122e+02
6.960000e-06	-6.540298e-09	-2.047962e-09	-3.570291e+01	-6.397314e+02
6.970000e-06	-6.561686e-09	-2.055061e-09	-3.581970e+01	-6.419065e+02
6.980000e-06	-6.582457e-09	-2.061771e-09	-3.593303e+01	-6.439235e+02
6.990000e-06	-6.602774e-09	-2.068617e-09	-3.604385e+01	-6.460197e+02
7.000000e-06	-6.622759e-09	-2.075532e-09	-3.615287e+01	-6.481810e+02
7.010000e-06	-6.642433e-09	-2.082132e-09	-3.626014e+01	-6.502243e+02
7.020000e-06	-6.661695e-09	-2.088555e-09	-3.636516e+01	-6.521722e+02
7.030000e-06	-6.680474e-09	-2.094856e-09	-3.646763e+01	-6.540823e+02
7.040000e-06	-6.698798e-09	-2.100956e-09	-3.656765e+01	-6.559778e+02
7.050000e-06	-6.716695e-09	-2.106941e-09	-3.666532e+01	-6.578581e+02
7.060000e-06	-6.734154e-09	-2.112717e-09	-3.676058e+01	-6.596623e+02
7.070000e-06	-6.751149e-09	-2.118149e-09	-3.685328e+01	-6.613320e+02
7.080000e-06	-6.767680e-09	-2.123246e-09	-3.694342e+01	-6.628681e+02
7.090000e-06	-6.783850e-09	-2.128173e-09	-3.703160e+01	-6.643891e+02
7.100000e-06	-6.799711e-09	-2.133267e-09	-3.711805e+01	-6.660015e+02
7.110000e-06	-6.815141e-09	-2.138518e-09	-3.720214e+01	-6.676507e+02
7.120000e-06	-6.829953e-09	-2.143622e-09	-3.728294e+01	-6.692216e+02
7.130000e-06	-6.843978e-09	-2.148418e-09	-3.735946e+01	-6.706809e+02
7.140000e-06	-6.857227e-09	-2.152930e-09	-3.743179e+01	-6.720777e+02
7.150000e-06	-6.869855e-09	-2.157087e-09	-3.750074e+01	-6.733803e+02
7.160000e-06	-6.881983e-09	-2.160918e-09	-3.756693e+01	-6.745678e+02
7.170000e-06	-6.893629e-09	-2.164482e-09	-3.763047e+01	-6.756649e+02
7.180000e-06	-6.904753e-09	-2.167756e-09	-3.769120e+01	-6.766569e+02
7.190000e-06	-6.915383e-09	-2.171164e-09	-3.774923e+01	-6.776929e+02
7.200000e-06	-6.925559e-09	-2.175030e-09	-3.780478e+01	-6.789021e+02
7.210000e-06	-6.935276e-09	-2.179160e-09	-3.785786e+01	-6.802008e+02
7.220000e-06	-6.944509e-09	-2.183130e-09	-3.790825e+01	-6.814249e+02
7.230000e-06	-6.953254e-09	-2.186570e-09	-3.795597e+01	-6.824580e+02
7.240000e-06	-6.961582e-09	-2.189353e-09	-3.800145e+01	-6.833094e+02
7.250000e-06	-6.969580e-09	-2.191530e-09	-3.804514e+01	-6.839823e+02
7.260000e-06	-6.977243e-09	-2.193503e-09	-3.808698e+01	-6.845745e+02
7.270000e-06	-6.984440e-09	-2.195752e-09	-3.812620e+01	-6.852515e+02
7.280000e-06	-6.990980e-09	-2.198362e-09	-3.816192e+01	-6.860472e+02
7.290000e-06	-6.996763e-09	-2.201256e-09	-3.819356e+01	-6.869562e+02
7.300000e-06	-7.001813e-09	-2.204246e-09	-3.822119e+01	-6.878991e+02
7.310000e-06	-7.006301e-09	-2.206911e-09	-3.824569e+01	-6.887253e+02
7.320000e-06	-7.010412e-09	-2.208830e-09	-3.826810e+01	-6.893118e+02
7.330000e-06	-7.014195e-09	-2.209959e-09	-3.828874e+01	-6.896354e+02
7.340000e-06	-7.017577e-09	-2.210636e-09	-3.830713e+01	-6.897940e+02
7.350000e-06	-7.020473e-09	-2.211478e-09	-3.832283e+01	-6.900073e+02
7.360000e-06	-7.022894e-09	-2.212997e-09	-3.833597e+01	-6.904522e+02
7.370000e-06	-7.024899e-09	-2.214909e-09	-3.834687e+01	-6.910388e+02
7.380000e-06	-7.026456e-09	-2.216510e-09	-3.835536e+01	-6.915780e+02
7.390000e-06	-7.027422e-09	-2.217702e-09	-3.836073e+01	-6.919990e+02
7.400000e-06	-7.027903e-09	-2.218746e-09	-3.836349e+01	-6.923213e+02
