# Configuracion:
# Concentracion g/m^3_=_10000.0
# C_Vs_to_Am_M_A/Vsm_=_254322799225.57578
# pendiente_HvsI_1/m_=_3716.3
# ordenada_HvsI_A/m_=_1297.0
# frecuencia_ref_Hz_=_135120.0721950721
# 
Resultados:
# tau_s_=_(3.58+/-0.03)e-07
# dphi_rad_=_6.58+/-0.00
# SAR_W/g_=_531.78+/-8.86
# Hc_kA/m_=_14.13+/-0.09
# Mr_A/m_=_356.38+/-7.13
# Suceptibilidad_a_M=0_=_0.0352+/-0.0009

Nombre_archivo	Time_m	Temperatura_(ºC)	Mr_(A/m)	Hc_(kA/m)	Campo_max_(A/m)	Mag_max_(A/m)	f0	mag0	dphi0	SAR_(W/g)	Tau_(s)	N	xi_M_0
135kHz_100dA_100Mss_Ni0cRD011.txt	29/05/2024 15:33:11	19.4	339.31	14.04	38460.00	827.23	1.351047e+05	6.419112e+00	6.575324e+00	511.67	3.542302e-07	4441	3.309e-02
135kHz_100dA_100Mss_Ni0cRD012.txt	29/05/2024 15:33:11	19.4	343.56	14.19	38460.00	830.64	1.351047e+05	6.388360e+00	6.578265e+00	514.20	3.580040e-07	4441	3.400e-02
135kHz_100dA_100Mss_Ni0cRD013.txt	29/05/2024 15:33:12	19.4	346.85	14.21	38460.00	831.47	1.351047e+05	6.432421e+00	6.579755e+00	520.28	3.599256e-07	4441	3.420e-02
135kHz_100dA_100Mss_Ni0cRD014.txt	29/05/2024 15:33:12	19.4	346.79	14.23	38460.00	838.40	1.351351e+05	6.437282e+00	6.580053e+00	521.30	3.603170e-07	4440	3.374e-02
135kHz_100dA_100Mss_Ni0cRD015.txt	29/05/2024 15:33:13	19.4	346.24	14.07	38460.00	857.54	1.351047e+05	6.525627e+00	6.574950e+00	519.52	3.537472e-07	4441	3.426e-02
135kHz_100dA_100Mss_Ni0cRD016.txt	29/05/2024 15:33:13	19.4	347.54	14.23	38460.00	819.34	1.351351e+05	6.419027e+00	6.579708e+00	519.24	3.598692e-07	4440	3.436e-02
135kHz_100dA_100Mss_Ni0cRD017.txt	29/05/2024 15:33:14	19.4	348.02	14.30	38460.00	819.12	1.351047e+05	6.399058e+00	6.582251e+00	521.81	3.631505e-07	4441	3.411e-02
135kHz_100dA_100Mss_Ni0cRD018.txt	29/05/2024 15:33:14	19.4	350.12	14.10	38460.00	849.58	1.351047e+05	6.546238e+00	6.577218e+00	525.09	3.566664e-07	4441	3.455e-02
135kHz_100dA_100Mss_Ni0cRD019.txt	29/05/2024 15:33:16	19.5	351.06	14.29	38460.00	830.93	1.351351e+05	6.445868e+00	6.582574e+00	526.30	3.635679e-07	4440	3.454e-02
135kHz_100dA_100Mss_Ni0cRD020.txt	29/05/2024 15:33:16	19.5	350.06	14.15	38460.00	841.60	1.351047e+05	6.540023e+00	6.577414e+00	524.93	3.569189e-07	4441	3.475e-02
135kHz_100dA_100Mss_Ni0cRD021.txt	29/05/2024 15:33:17	19.5	355.39	14.24	38460.00	834.40	1.351047e+05	6.521348e+00	6.581096e+00	529.79	3.616541e-07	4441	3.489e-02
135kHz_100dA_100Mss_Ni0cRD022.txt	29/05/2024 15:33:17	19.5	357.01	14.18	38460.00	839.96	1.351351e+05	6.591743e+00	6.580745e+00	535.02	3.611975e-07	4440	3.523e-02
135kHz_100dA_100Mss_Ni0cRD023.txt	29/05/2024 15:33:18	19.4	357.57	14.14	38460.00	853.76	1.351351e+05	6.596656e+00	6.579460e+00	533.17	3.595430e-07	4440	3.514e-02
135kHz_100dA_100Mss_Ni0cRD024.txt	29/05/2024 15:33:18	19.4	356.84	14.12	38460.00	847.66	1.351351e+05	6.601684e+00	6.578480e+00	531.86	3.582829e-07	4440	3.547e-02
135kHz_100dA_100Mss_Ni0cRD025.txt	29/05/2024 15:33:19	19.5	359.22	14.11	38460.00	846.97	1.351047e+05	6.651727e+00	6.578121e+00	535.14	3.578223e-07	4441	3.518e-02
135kHz_100dA_100Mss_Ni0cRD026.txt	29/05/2024 15:33:19	19.5	358.36	14.04	38460.00	866.35	1.351351e+05	6.701431e+00	6.576364e+00	536.14	3.555583e-07	4440	3.562e-02
135kHz_100dA_100Mss_Ni0cRD027.txt	29/05/2024 15:33:20	19.5	359.37	14.19	38460.00	841.91	1.351047e+05	6.608707e+00	6.580546e+00	535.92	3.609401e-07	4441	3.551e-02
135kHz_100dA_100Mss_Ni0cRD028.txt	29/05/2024 15:33:20	19.5	356.14	14.20	38460.00	843.19	1.351047e+05	6.560027e+00	6.579221e+00	529.68	3.592337e-07	4441	3.518e-02
135kHz_100dA_100Mss_Ni0cRD029.txt	29/05/2024 15:33:21	19.5	357.15	14.11	38460.00	860.63	1.351047e+05	6.634291e+00	6.577070e+00	531.89	3.564677e-07	4441	3.508e-02
135kHz_100dA_100Mss_Ni0cRD030.txt	29/05/2024 15:33:21	19.5	359.78	14.21	38460.00	855.26	1.351047e+05	6.638763e+00	6.581683e+00	540.36	3.624144e-07	4441	3.554e-02
135kHz_100dA_100Mss_Ni0cRD031.txt	29/05/2024 15:33:22	19.5	361.56	14.13	38460.00	871.75	1.351047e+05	6.671913e+00	6.578920e+00	538.18	3.588420e-07	4441	3.575e-02
135kHz_100dA_100Mss_Ni0cRD032.txt	29/05/2024 15:33:22	19.5	360.20	14.13	38460.00	837.35	1.351351e+05	6.610407e+00	6.578156e+00	532.00	3.578573e-07	4440	3.577e-02
135kHz_100dA_100Mss_Ni0cRD033.txt	29/05/2024 15:33:23	19.5	362.12	14.11	38460.00	854.81	1.351351e+05	6.659478e+00	6.578734e+00	536.97	3.585980e-07	4440	3.589e-02
135kHz_100dA_100Mss_Ni0cRD034.txt	29/05/2024 15:33:23	19.5	364.82	14.02	38460.00	866.66	1.351047e+05	6.760731e+00	6.576104e+00	540.30	3.552146e-07	4441	3.617e-02
135kHz_100dA_100Mss_Ni0cRD035.txt	29/05/2024 15:33:24	19.5	361.88	14.02	38460.00	874.04	1.351351e+05	6.717542e+00	6.575411e+00	535.74	3.543287e-07	4440	3.613e-02
135kHz_100dA_100Mss_Ni0cRD036.txt	29/05/2024 15:33:24	19.5	362.11	13.98	38460.00	857.24	1.351351e+05	6.766463e+00	6.575004e+00	538.91	3.538068e-07	4440	3.596e-02
135kHz_100dA_100Mss_Ni0cRD037.txt	29/05/2024 15:33:25	19.5	362.65	13.99	38460.00	880.50	1.351351e+05	6.779917e+00	6.576270e+00	542.25	3.554444e-07	4440	3.602e-02
135kHz_100dA_100Mss_Ni0cRD038.txt	29/05/2024 15:33:26	19.5	366.14	14.06	38460.00	871.63	1.351047e+05	6.778307e+00	6.577225e+00	543.72	3.566750e-07	4441	3.626e-02
135kHz_100dA_100Mss_Ni0cRD039.txt	29/05/2024 15:33:27	19.5	367.06	14.11	38460.00	863.45	1.351351e+05	6.763677e+00	6.579636e+00	546.99	3.597616e-07	4440	3.629e-02
135kHz_100dA_100Mss_Ni0cRD040.txt	29/05/2024 15:33:27	19.5	364.01	13.97	38460.00	881.27	1.351047e+05	6.793216e+00	6.574319e+00	539.68	3.529286e-07	4441	3.659e-02
135kHz_100dA_100Mss_Ni0cRD041.txt	29/05/2024 15:33:28	19.5	361.52	14.03	38460.00	860.99	1.351351e+05	6.734738e+00	6.575043e+00	536.45	3.538766e-07	4440	3.613e-02
135kHz_100dA_100Mss_Ni0cRD042.txt	29/05/2024 15:33:28	19.5	363.63	14.13	38460.00	855.65	1.351047e+05	6.706489e+00	6.579657e+00	542.28	3.598070e-07	4441	3.612e-02
