# Temperatura_=_21.875
# Concentracion g/m^3_=_10000.0
# C_Vs_to_Am_M_A/Vsm_=_254322799225.57578
# pendiente_HvsI_1/m_=_3716.3
# ordenada_HvsI_A/m_=_1297.0
# frecuencia_Hz_=_135132.35343047028
# Promedio de 32 ciclos

Tiempo_(s)	Campo_(V.s)	Magnetizacion_(V.s)	Campo_(kA/m)	Magnetizacion_(A/m)
0.000000e+00	-7.015902e-09	-3.714615e-09	-3.836532e+01	-1.121451e+03
1.000000e-08	-7.016037e-09	-3.715381e-09	-3.836600e+01	-1.121687e+03
2.000000e-08	-7.015864e-09	-3.716245e-09	-3.836499e+01	-1.121936e+03
3.000000e-08	-7.015299e-09	-3.716730e-09	-3.836177e+01	-1.122067e+03
4.000000e-08	-7.014163e-09	-3.716694e-09	-3.835532e+01	-1.122076e+03
5.000000e-08	-7.012287e-09	-3.716627e-09	-3.834478e+01	-1.122092e+03
6.000000e-08	-7.009663e-09	-3.716592e-09	-3.833020e+01	-1.122101e+03
7.000000e-08	-7.006410e-09	-3.716468e-09	-3.831219e+01	-1.122124e+03
8.000000e-08	-7.002649e-09	-3.717604e-09	-3.829149e+01	-1.122316e+03
9.000000e-08	-6.998366e-09	-3.719204e-09	-3.826791e+01	-1.122297e+03
1.000000e-07	-6.993409e-09	-3.710803e-09	-3.824061e+01	-1.119881e+03
1.100000e-07	-6.987800e-09	-3.697721e-09	-3.820984e+01	-1.117165e+03
1.200000e-07	-6.981902e-09	-3.711162e-09	-3.817755e+01	-1.120963e+03
1.300000e-07	-6.975858e-09	-3.732642e-09	-3.814445e+01	-1.126096e+03
1.400000e-07	-6.969370e-09	-3.713047e-09	-3.810886e+01	-1.120556e+03
1.500000e-07	-6.962236e-09	-3.685146e-09	-3.806965e+01	-1.113596e+03
1.600000e-07	-6.954624e-09	-3.708780e-09	-3.802793e+01	-1.120175e+03
1.700000e-07	-6.946777e-09	-3.739254e-09	-3.798494e+01	-1.127489e+03
1.800000e-07	-6.938555e-09	-3.707610e-09	-3.793974e+01	-1.118816e+03
1.900000e-07	-6.929738e-09	-3.670434e-09	-3.789124e+01	-1.109596e+03
2.000000e-07	-6.920415e-09	-3.691713e-09	-3.784005e+01	-1.115646e+03
2.100000e-07	-6.910649e-09	-3.714130e-09	-3.778638e+01	-1.121080e+03
2.200000e-07	-6.900173e-09	-3.679424e-09	-3.772879e+01	-1.111659e+03
2.300000e-07	-6.888851e-09	-3.655432e-09	-3.766669e+01	-1.105382e+03
2.400000e-07	-6.876944e-09	-3.679809e-09	-3.760148e+01	-1.111613e+03
2.500000e-07	-6.864598e-09	-3.677625e-09	-3.753383e+01	-1.110864e+03
2.600000e-07	-6.851666e-09	-3.637495e-09	-3.746293e+01	-1.100300e+03
2.700000e-07	-6.838110e-09	-3.642259e-09	-3.738865e+01	-1.101388e+03
2.800000e-07	-6.824037e-09	-3.675937e-09	-3.731146e+01	-1.109924e+03
2.900000e-07	-6.809322e-09	-3.656516e-09	-3.723066e+01	-1.104719e+03
3.000000e-07	-6.793815e-09	-3.628966e-09	-3.714558e+01	-1.097350e+03
3.100000e-07	-6.777601e-09	-3.653259e-09	-3.705666e+01	-1.103336e+03
3.200000e-07	-6.760881e-09	-3.660693e-09	-3.696501e+01	-1.105141e+03
3.300000e-07	-6.743728e-09	-3.623366e-09	-3.687113e+01	-1.095511e+03
3.400000e-07	-6.726194e-09	-3.629465e-09	-3.677519e+01	-1.096916e+03
3.500000e-07	-6.708343e-09	-3.661568e-09	-3.667744e+01	-1.104948e+03
3.600000e-07	-6.690039e-09	-3.637702e-09	-3.657723e+01	-1.098660e+03
3.700000e-07	-6.671188e-09	-3.607504e-09	-3.647405e+01	-1.090593e+03
3.800000e-07	-6.651882e-09	-3.630549e-09	-3.636835e+01	-1.096240e+03
3.900000e-07	-6.632221e-09	-3.631973e-09	-3.626074e+01	-1.096514e+03
4.000000e-07	-6.612234e-09	-3.593749e-09	-3.615139e+01	-1.086392e+03
4.100000e-07	-6.591925e-09	-3.595747e-09	-3.604025e+01	-1.086606e+03
4.200000e-07	-6.571216e-09	-3.617919e-09	-3.592688e+01	-1.092380e+03
4.300000e-07	-6.550012e-09	-3.595972e-09	-3.581080e+01	-1.086669e+03
4.400000e-07	-6.528338e-09	-3.578482e-09	-3.569217e+01	-1.081602e+03
4.500000e-07	-6.506239e-09	-3.594285e-09	-3.557124e+01	-1.085424e+03
4.600000e-07	-6.483667e-09	-3.585771e-09	-3.544770e+01	-1.083284e+03
4.700000e-07	-6.460584e-09	-3.563037e-09	-3.532134e+01	-1.077046e+03
4.800000e-07	-6.437066e-09	-3.570282e-09	-3.519265e+01	-1.078505e+03
4.900000e-07	-6.413242e-09	-3.571970e-09	-3.506231e+01	-1.079029e+03
5.000000e-07	-6.389131e-09	-3.551054e-09	-3.493038e+01	-1.073383e+03
5.100000e-07	-6.364628e-09	-3.548981e-09	-3.479620e+01	-1.072297e+03
5.200000e-07	-6.339555e-09	-3.553984e-09	-3.465882e+01	-1.073512e+03
5.300000e-07	-6.313752e-09	-3.539165e-09	-3.451747e+01	-1.069581e+03
5.400000e-07	-6.287184e-09	-3.529573e-09	-3.437200e+01	-1.066497e+03
5.500000e-07	-6.259987e-09	-3.530801e-09	-3.422313e+01	-1.066596e+03
5.600000e-07	-6.232366e-09	-3.520066e-09	-3.407197e+01	-1.063884e+03
5.700000e-07	-6.204446e-09	-3.509964e-09	-3.391922e+01	-1.060815e+03
5.800000e-07	-6.176228e-09	-3.507760e-09	-3.376479e+01	-1.059809e+03
5.900000e-07	-6.147654e-09	-3.498532e-09	-3.360842e+01	-1.057422e+03
6.000000e-07	-6.118673e-09	-3.489503e-09	-3.344985e+01	-1.054749e+03
6.100000e-07	-6.089262e-09	-3.487133e-09	-3.328892e+01	-1.053546e+03
6.200000e-07	-6.059453e-09	-3.477357e-09	-3.312581e+01	-1.050862e+03
6.300000e-07	-6.029258e-09	-3.466931e-09	-3.296055e+01	-1.048011e+03
6.400000e-07	-5.998630e-09	-3.464040e-09	-3.279290e+01	-1.046812e+03
6.500000e-07	-5.967532e-09	-3.455853e-09	-3.262272e+01	-1.044391e+03
6.600000e-07	-5.936019e-09	-3.444250e-09	-3.245038e+01	-1.041182e+03
6.700000e-07	-5.904215e-09	-3.439542e-09	-3.227646e+01	-1.039509e+03
6.800000e-07	-5.872158e-09	-3.431955e-09	-3.210112e+01	-1.037146e+03
6.900000e-07	-5.839775e-09	-3.420182e-09	-3.192395e+01	-1.033868e+03
7.000000e-07	-5.806918e-09	-3.414088e-09	-3.174410e+01	-1.031967e+03
7.100000e-07	-5.773450e-09	-3.407783e-09	-3.156084e+01	-1.029914e+03
7.200000e-07	-5.739309e-09	-3.396742e-09	-3.137390e+01	-1.026748e+03
7.300000e-07	-5.704557e-09	-3.389116e-09	-3.118369e+01	-1.024453e+03
7.400000e-07	-5.669331e-09	-3.382699e-09	-3.099095e+01	-1.022375e+03
7.500000e-07	-5.633729e-09	-3.371487e-09	-3.079622e+01	-1.019055e+03
7.600000e-07	-5.597850e-09	-3.361085e-09	-3.059999e+01	-1.016005e+03
7.700000e-07	-5.561710e-09	-3.353379e-09	-3.040230e+01	-1.013630e+03
7.800000e-07	-5.525227e-09	-3.344261e-09	-3.020269e+01	-1.010882e+03
7.900000e-07	-5.488330e-09	-3.334229e-09	-3.000079e+01	-1.007927e+03
8.000000e-07	-5.451019e-09	-3.325459e-09	-2.979666e+01	-1.005297e+03
8.100000e-07	-5.413324e-09	-3.316599e-09	-2.959043e+01	-1.002584e+03
8.200000e-07	-5.375234e-09	-3.307171e-09	-2.938197e+01	-9.997142e+02
8.300000e-07	-5.336732e-09	-3.297243e-09	-2.917117e+01	-9.967511e+02
8.400000e-07	-5.297793e-09	-3.287202e-09	-2.895803e+01	-9.937543e+02
8.500000e-07	-5.258468e-09	-3.276793e-09	-2.874289e+01	-9.906506e+02
8.600000e-07	-5.218885e-09	-3.266285e-09	-2.852631e+01	-9.875305e+02
8.700000e-07	-5.179079e-09	-3.256309e-09	-2.830852e+01	-9.845329e+02
8.800000e-07	-5.139049e-09	-3.246993e-09	-2.808951e+01	-9.816800e+02
8.900000e-07	-5.098745e-09	-3.236638e-09	-2.786904e+01	-9.785488e+02
9.000000e-07	-5.058107e-09	-3.225495e-09	-2.764664e+01	-9.752075e+02
9.100000e-07	-5.017047e-09	-3.214780e-09	-2.742183e+01	-9.719856e+02
9.200000e-07	-4.975417e-09	-3.204060e-09	-2.719385e+01	-9.687574e+02
9.300000e-07	-4.933121e-09	-3.192769e-09	-2.696229e+01	-9.653811e+02
9.400000e-07	-4.890231e-09	-3.181657e-09	-2.672757e+01	-9.620408e+02
9.500000e-07	-4.846914e-09	-3.170457e-09	-2.649051e+01	-9.586681e+02
9.600000e-07	-4.803301e-09	-3.159052e-09	-2.625189e+01	-9.552337e+02
9.700000e-07	-4.759450e-09	-3.147910e-09	-2.601202e+01	-9.518736e+02
9.800000e-07	-4.715379e-09	-3.136662e-09	-2.577096e+01	-9.484756e+02
9.900000e-07	-4.671059e-09	-3.124598e-09	-2.552855e+01	-9.448836e+02
1.000000e-06	-4.626446e-09	-3.112216e-09	-2.528453e+01	-9.411982e+02
1.010000e-06	-4.581542e-09	-3.100370e-09	-2.503891e+01	-9.376291e+02
1.020000e-06	-4.536318e-09	-3.088816e-09	-2.479156e+01	-9.341183e+02
1.030000e-06	-4.490773e-09	-3.077066e-09	-2.454244e+01	-9.305511e+02
1.040000e-06	-4.444911e-09	-3.064546e-09	-2.429159e+01	-9.267762e+02
1.050000e-06	-4.398743e-09	-3.051492e-09	-2.403901e+01	-9.228673e+02
1.060000e-06	-4.352278e-09	-3.038436e-09	-2.378476e+01	-9.189665e+02
1.070000e-06	-4.305480e-09	-3.025763e-09	-2.352875e+01	-9.151672e+02
1.080000e-06	-4.258338e-09	-3.012985e-09	-2.327088e+01	-9.113337e+02
1.090000e-06	-4.210901e-09	-3.000061e-09	-2.301144e+01	-9.074571e+02
1.100000e-06	-4.163227e-09	-2.987131e-09	-2.275072e+01	-9.035618e+02
1.110000e-06	-4.115344e-09	-2.974281e-09	-2.248881e+01	-8.996581e+02
1.120000e-06	-4.067256e-09	-2.961178e-09	-2.222583e+01	-8.956760e+02
1.130000e-06	-4.018946e-09	-2.947806e-09	-2.196162e+01	-8.916359e+02
1.140000e-06	-3.970361e-09	-2.933787e-09	-2.169581e+01	-8.874388e+02
1.150000e-06	-3.921438e-09	-2.919431e-09	-2.142816e+01	-8.831444e+02
1.160000e-06	-3.872134e-09	-2.905197e-09	-2.115845e+01	-8.788743e+02
1.170000e-06	-3.822393e-09	-2.890881e-09	-2.088635e+01	-8.745823e+02
1.180000e-06	-3.772194e-09	-2.876522e-09	-2.061178e+01	-8.702686e+02
1.190000e-06	-3.721567e-09	-2.862484e-09	-2.033488e+01	-8.660214e+02
1.200000e-06	-3.670506e-09	-2.848458e-09	-2.005557e+01	-8.617761e+02
1.210000e-06	-3.619073e-09	-2.833971e-09	-1.977424e+01	-8.573927e+02
1.220000e-06	-3.567378e-09	-2.819036e-09	-1.949151e+01	-8.528803e+02
1.230000e-06	-3.515428e-09	-2.803672e-09	-1.920740e+01	-8.482707e+02
1.240000e-06	-3.463233e-09	-2.788217e-09	-1.892200e+01	-8.436448e+02
1.250000e-06	-3.410822e-09	-2.772909e-09	-1.863539e+01	-8.390335e+02
1.260000e-06	-3.358185e-09	-2.757272e-09	-1.834753e+01	-8.343178e+02
1.270000e-06	-3.305291e-09	-2.741623e-09	-1.805828e+01	-8.295909e+02
1.280000e-06	-3.252148e-09	-2.726378e-09	-1.776769e+01	-8.249775e+02
1.290000e-06	-3.198771e-09	-2.711028e-09	-1.747583e+01	-8.203365e+02
1.300000e-06	-3.145171e-09	-2.695387e-09	-1.718280e+01	-8.156135e+02
1.310000e-06	-3.091370e-09	-2.679243e-09	-1.688862e+01	-8.107345e+02
1.320000e-06	-3.037373e-09	-2.662174e-09	-1.659332e+01	-8.055915e+02
1.330000e-06	-2.983188e-09	-2.644585e-09	-1.629697e+01	-8.003146e+02
1.340000e-06	-2.928791e-09	-2.627542e-09	-1.599951e+01	-7.951941e+02
1.350000e-06	-2.874154e-09	-2.610733e-09	-1.570079e+01	-7.901246e+02
1.360000e-06	-2.819273e-09	-2.593637e-09	-1.540074e+01	-7.849630e+02
1.370000e-06	-2.764179e-09	-2.576616e-09	-1.509951e+01	-7.798018e+02
1.380000e-06	-2.708895e-09	-2.559440e-09	-1.479717e+01	-7.745821e+02
1.390000e-06	-2.653412e-09	-2.541380e-09	-1.449377e+01	-7.691372e+02
1.400000e-06	-2.597780e-09	-2.522692e-09	-1.418958e+01	-7.635374e+02
1.410000e-06	-2.542052e-09	-2.503582e-09	-1.388482e+01	-7.578270e+02
1.420000e-06	-2.486220e-09	-2.484378e-09	-1.357950e+01	-7.520722e+02
1.430000e-06	-2.430289e-09	-2.465583e-09	-1.327367e+01	-7.464025e+02
1.440000e-06	-2.374286e-09	-2.447155e-09	-1.296745e+01	-7.408296e+02
1.450000e-06	-2.318190e-09	-2.428571e-09	-1.266070e+01	-7.352093e+02
1.460000e-06	-2.261983e-09	-2.409452e-09	-1.235335e+01	-7.294297e+02
1.470000e-06	-2.205655e-09	-2.389755e-09	-1.204528e+01	-7.234883e+02
1.480000e-06	-2.149184e-09	-2.369700e-09	-1.173643e+01	-7.174367e+02
1.490000e-06	-2.092545e-09	-2.349390e-09	-1.142664e+01	-7.113293e+02
1.500000e-06	-2.035710e-09	-2.329043e-09	-1.111578e+01	-7.052247e+02
1.510000e-06	-1.978668e-09	-2.308704e-09	-1.080380e+01	-6.991112e+02
1.520000e-06	-1.921428e-09	-2.288130e-09	-1.049074e+01	-6.929105e+02
1.530000e-06	-1.863987e-09	-2.267629e-09	-1.017657e+01	-6.867078e+02
1.540000e-06	-1.806341e-09	-2.247428e-09	-9.861253e+00	-6.805767e+02
1.550000e-06	-1.748483e-09	-2.226931e-09	-9.544866e+00	-6.743880e+02
1.560000e-06	-1.690403e-09	-2.205693e-09	-9.227316e+00	-6.680102e+02
1.570000e-06	-1.632133e-09	-2.184345e-09	-8.908767e+00	-6.615799e+02
1.580000e-06	-1.573694e-09	-2.163130e-09	-8.589230e+00	-6.551574e+02
1.590000e-06	-1.515064e-09	-2.141322e-09	-8.268608e+00	-6.485761e+02
1.600000e-06	-1.456257e-09	-2.119074e-09	-7.947055e+00	-6.418932e+02
1.610000e-06	-1.397301e-09	-2.097237e-09	-7.624660e+00	-6.353089e+02
1.620000e-06	-1.338219e-09	-2.075362e-09	-7.301576e+00	-6.286885e+02
1.630000e-06	-1.279005e-09	-2.052988e-09	-6.977758e+00	-6.219273e+02
1.640000e-06	-1.219655e-09	-2.030491e-09	-6.653239e+00	-6.151239e+02
1.650000e-06	-1.160196e-09	-2.007739e-09	-6.328169e+00	-6.082604e+02
1.660000e-06	-1.100660e-09	-1.984372e-09	-6.002661e+00	-6.012480e+02
1.670000e-06	-1.041065e-09	-1.960793e-09	-5.676849e+00	-5.941564e+02
1.680000e-06	-9.814229e-10	-1.937384e-09	-5.350781e+00	-5.870840e+02
1.690000e-06	-9.217392e-10	-1.913792e-09	-5.024480e+00	-5.799603e+02
1.700000e-06	-8.620194e-10	-1.889846e-09	-4.697921e+00	-5.727648e+02
1.710000e-06	-8.022569e-10	-1.865929e-09	-4.371125e+00	-5.655760e+02
1.720000e-06	-7.424492e-10	-1.841909e-09	-4.044090e+00	-5.583288e+02
1.730000e-06	-6.826179e-10	-1.817559e-09	-3.716913e+00	-5.509699e+02
1.740000e-06	-6.227585e-10	-1.792662e-09	-3.389607e+00	-5.434483e+02
1.750000e-06	-5.628566e-10	-1.767137e-09	-3.062067e+00	-5.357667e+02
1.760000e-06	-5.029362e-10	-1.741700e-09	-2.734386e+00	-5.281278e+02
1.770000e-06	-4.429969e-10	-1.716711e-09	-2.406622e+00	-5.205988e+02
1.780000e-06	-3.830288e-10	-1.691625e-09	-2.078704e+00	-5.130205e+02
1.790000e-06	-3.230421e-10	-1.665917e-09	-1.750678e+00	-5.052615e+02
1.800000e-06	-2.630467e-10	-1.639554e-09	-1.422635e+00	-4.973299e+02
1.810000e-06	-2.030524e-10	-1.612999e-09	-1.094588e+00	-4.893428e+02
1.820000e-06	-1.430551e-10	-1.586524e-09	-7.664895e-01	-4.813588e+02
1.830000e-06	-8.306681e-11	-1.559960e-09	-4.384212e-01	-4.733281e+02
1.840000e-06	-2.309336e-11	-1.533183e-09	-1.104429e-01	-4.652305e+02
1.850000e-06	3.688777e-11	-1.506138e-09	2.175151e-01	-4.570645e+02
1.860000e-06	9.687133e-11	-1.478766e-09	5.454643e-01	-4.488004e+02
1.870000e-06	1.568511e-10	-1.450930e-09	8.734166e-01	-4.404031e+02
1.880000e-06	2.168406e-10	-1.422721e-09	1.201434e+00	-4.319082e+02
1.890000e-06	2.768256e-10	-1.394311e-09	1.529431e+00	-4.233411e+02
1.900000e-06	3.368040e-10	-1.365637e-09	1.857380e+00	-4.146702e+02
1.910000e-06	3.967705e-10	-1.336652e-09	2.185292e+00	-4.058908e+02
1.920000e-06	4.567229e-10	-1.307315e-09	2.513139e+00	-3.970003e+02
1.930000e-06	5.166558e-10	-1.277328e-09	2.840825e+00	-3.879307e+02
1.940000e-06	5.765623e-10	-1.247011e-09	3.168355e+00	-3.787671e+02
1.950000e-06	6.364463e-10	-1.216443e-09	3.495794e+00	-3.695312e+02
1.960000e-06	6.962930e-10	-1.185307e-09	3.823048e+00	-3.601407e+02
1.970000e-06	7.561124e-10	-1.153772e-09	4.150123e+00	-3.506139e+02
1.980000e-06	8.159006e-10	-1.121970e-09	4.477021e+00	-3.409720e+02
1.990000e-06	8.756411e-10	-1.089777e-09	4.803694e+00	-3.312015e+02
2.000000e-06	9.353324e-10	-1.056953e-09	5.130095e+00	-3.212506e+02
2.010000e-06	9.949800e-10	-1.023572e-09	5.456200e+00	-3.111468e+02
2.020000e-06	1.054590e-09	-9.897217e-10	5.782079e+00	-3.009197e+02
2.030000e-06	1.114141e-09	-9.556435e-10	6.107713e+00	-2.906164e+02
2.040000e-06	1.173623e-09	-9.216978e-10	6.433009e+00	-2.803251e+02
2.050000e-06	1.233014e-09	-8.876564e-10	6.757747e+00	-2.699918e+02
2.060000e-06	1.292301e-09	-8.528044e-10	7.081852e+00	-2.594248e+02
2.070000e-06	1.351470e-09	-8.168847e-10	7.405283e+00	-2.485620e+02
2.080000e-06	1.410513e-09	-7.804947e-10	7.727987e+00	-2.375598e+02
2.090000e-06	1.469424e-09	-7.438344e-10	8.049957e+00	-2.264755e+02
2.100000e-06	1.528144e-09	-7.069128e-10	8.370989e+00	-2.153125e+02
2.110000e-06	1.586668e-09	-6.701306e-10	8.690928e+00	-2.041636e+02
2.120000e-06	1.644993e-09	-6.328593e-10	9.009784e+00	-1.928693e+02
2.130000e-06	1.703107e-09	-5.947943e-10	9.327491e+00	-1.813594e+02
2.140000e-06	1.761016e-09	-5.565346e-10	9.644028e+00	-1.697881e+02
2.150000e-06	1.818708e-09	-5.178506e-10	9.959459e+00	-1.580797e+02
2.160000e-06	1.876198e-09	-4.784238e-10	1.027379e+01	-1.461375e+02
2.170000e-06	1.933485e-09	-4.382381e-10	1.058700e+01	-1.339622e+02
2.180000e-06	1.990563e-09	-3.974484e-10	1.089900e+01	-1.216118e+02
2.190000e-06	2.047442e-09	-3.564207e-10	1.120994e+01	-1.091910e+02
2.200000e-06	2.104131e-09	-3.152079e-10	1.151991e+01	-9.671323e+01
2.210000e-06	2.160645e-09	-2.739082e-10	1.182894e+01	-8.418281e+01
2.220000e-06	2.217004e-09	-2.321193e-10	1.213716e+01	-7.148488e+01
2.230000e-06	2.273234e-09	-1.893778e-10	1.244461e+01	-5.850668e+01
2.240000e-06	2.329344e-09	-1.459635e-10	1.275139e+01	-4.530633e+01
2.250000e-06	2.385345e-09	-1.018979e-10	1.305760e+01	-3.191021e+01
2.260000e-06	2.441235e-09	-5.724307e-11	1.336318e+01	-1.834248e+01
2.270000e-06	2.497017e-09	-1.172524e-11	1.366817e+01	-4.516570e+00
2.280000e-06	2.552698e-09	3.499313e-11	1.397261e+01	9.634868e+00
2.290000e-06	2.608252e-09	8.248270e-11	1.427635e+01	2.398753e+01
2.300000e-06	2.663645e-09	1.297526e-10	1.457925e+01	3.830755e+01
2.310000e-06	2.718884e-09	1.767493e-10	1.488130e+01	5.261032e+01
2.320000e-06	2.773961e-09	2.243946e-10	1.518235e+01	6.711156e+01
2.330000e-06	2.828842e-09	2.728463e-10	1.548234e+01	8.181137e+01
2.340000e-06	2.883510e-09	3.216681e-10	1.578122e+01	9.660550e+01
2.350000e-06	2.937952e-09	3.706101e-10	1.607888e+01	1.114401e+02
2.360000e-06	2.992197e-09	4.197397e-10	1.637546e+01	1.263442e+02
2.370000e-06	3.046245e-09	4.694444e-10	1.667092e+01	1.414401e+02
2.380000e-06	3.100078e-09	5.199983e-10	1.696518e+01	1.567692e+02
2.390000e-06	3.153701e-09	5.709545e-10	1.725836e+01	1.721747e+02
2.400000e-06	3.207096e-09	6.214557e-10	1.755036e+01	1.874455e+02
2.410000e-06	3.260254e-09	6.713171e-10	1.784098e+01	2.025701e+02
2.420000e-06	3.313156e-09	7.213817e-10	1.813013e+01	2.177740e+02
2.430000e-06	3.365813e-09	7.722368e-10	1.841794e+01	2.332009e+02
2.440000e-06	3.418250e-09	8.235171e-10	1.870460e+01	2.487385e+02
2.450000e-06	3.470445e-09	8.745205e-10	1.898994e+01	2.641936e+02
2.460000e-06	3.522387e-09	9.251443e-10	1.927385e+01	2.795542e+02
2.470000e-06	3.574071e-09	9.757955e-10	1.955638e+01	2.949135e+02
2.480000e-06	3.625463e-09	1.026741e-09	1.983730e+01	3.103174e+02
2.490000e-06	3.676524e-09	1.077738e-09	2.011641e+01	3.257000e+02
2.500000e-06	3.727185e-09	1.127813e-09	2.039340e+01	3.408466e+02
2.510000e-06	3.777396e-09	1.177299e-09	2.066795e+01	3.558831e+02
2.520000e-06	3.827146e-09	1.227195e-09	2.093994e+01	3.710293e+02
2.530000e-06	3.876441e-09	1.277082e-09	2.120946e+01	3.861402e+02
2.540000e-06	3.925339e-09	1.326734e-09	2.147686e+01	4.011592e+02
2.550000e-06	3.973899e-09	1.375814e-09	2.174240e+01	4.159940e+02
2.560000e-06	4.022186e-09	1.424068e-09	2.200639e+01	4.305936e+02
2.570000e-06	4.070273e-09	1.472112e-09	2.226928e+01	4.451361e+02
2.580000e-06	4.118186e-09	1.520541e-09	2.253121e+01	4.597563e+02
2.590000e-06	4.165912e-09	1.569009e-09	2.279214e+01	4.743556e+02
2.600000e-06	4.213404e-09	1.616943e-09	2.305181e+01	4.888101e+02
2.610000e-06	4.260615e-09	1.663806e-09	2.330994e+01	5.029945e+02
2.620000e-06	4.307496e-09	1.709486e-09	2.356624e+01	5.168693e+02
2.630000e-06	4.354033e-09	1.754638e-09	2.382063e+01	5.305769e+02
2.640000e-06	4.400246e-09	1.799439e-09	2.407326e+01	5.441368e+02
2.650000e-06	4.446145e-09	1.843423e-09	2.432419e+01	5.574398e+02
2.660000e-06	4.491763e-09	1.886808e-09	2.457357e+01	5.705544e+02
2.670000e-06	4.537087e-09	1.930105e-09	2.482135e+01	5.836067e+02
2.680000e-06	4.582094e-09	1.972883e-09	2.506744e+01	5.964968e+02
2.690000e-06	4.626785e-09	2.014824e-09	2.531179e+01	6.091369e+02
2.700000e-06	4.671174e-09	2.055608e-09	2.555444e+01	6.214620e+02
2.710000e-06	4.715335e-09	2.095154e-09	2.579586e+01	6.334618e+02
2.720000e-06	4.759324e-09	2.134069e-09	2.603634e+01	6.452639e+02
2.730000e-06	4.803124e-09	2.172936e-09	2.627583e+01	6.570118e+02
2.740000e-06	4.846681e-09	2.211836e-09	2.651399e+01	6.687323e+02
2.750000e-06	4.889876e-09	2.250301e-09	2.675022e+01	6.803121e+02
2.760000e-06	4.932589e-09	2.288040e-09	2.698377e+01	6.916818e+02
2.770000e-06	4.974709e-09	2.325133e-09	2.721407e+01	7.028588e+02
2.780000e-06	5.016213e-09	2.361495e-09	2.744099e+01	7.138178e+02
2.790000e-06	5.057153e-09	2.397107e-09	2.766485e+01	7.245736e+02
2.800000e-06	5.097627e-09	2.432171e-09	2.788618e+01	7.351872e+02
2.810000e-06	5.137803e-09	2.466748e-09	2.810581e+01	7.456574e+02
2.820000e-06	5.177767e-09	2.500784e-09	2.832427e+01	7.559484e+02
2.830000e-06	5.217516e-09	2.534297e-09	2.854156e+01	7.660453e+02
2.840000e-06	5.257001e-09	2.567095e-09	2.875742e+01	7.759140e+02
2.850000e-06	5.296148e-09	2.599135e-09	2.897144e+01	7.855695e+02
2.860000e-06	5.334908e-09	2.630500e-09	2.918335e+01	7.950250e+02
2.870000e-06	5.373273e-09	2.661073e-09	2.939306e+01	8.042416e+02
2.880000e-06	5.411251e-09	2.690933e-09	2.960064e+01	8.132518e+02
2.890000e-06	5.448838e-09	2.719932e-09	2.980607e+01	8.220048e+02
2.900000e-06	5.486035e-09	2.747917e-09	3.000936e+01	8.304677e+02
2.910000e-06	5.522842e-09	2.775205e-09	3.021051e+01	8.387303e+02
2.920000e-06	5.559285e-09	2.802056e-09	3.040972e+01	8.468427e+02
2.930000e-06	5.595446e-09	2.828617e-09	3.060743e+01	8.548466e+02
2.940000e-06	5.631378e-09	2.854899e-09	3.080385e+01	8.627483e+02
2.950000e-06	5.667055e-09	2.880812e-09	3.099886e+01	8.705340e+02
2.960000e-06	5.702393e-09	2.906243e-09	3.119201e+01	8.781770e+02
2.970000e-06	5.737256e-09	2.930811e-09	3.138256e+01	8.855734e+02
2.980000e-06	5.771508e-09	2.954624e-09	3.156982e+01	8.927487e+02
2.990000e-06	5.805076e-09	2.978102e-09	3.175337e+01	8.998231e+02
3.000000e-06	5.838018e-09	3.001169e-09	3.193343e+01	9.067788e+02
3.010000e-06	5.870486e-09	3.023822e-09	3.211085e+01	9.136090e+02
3.020000e-06	5.902606e-09	3.046168e-09	3.228638e+01	9.203396e+02
3.030000e-06	5.934462e-09	3.068304e-09	3.246053e+01	9.269844e+02
3.040000e-06	5.966031e-09	3.090197e-09	3.263309e+01	9.335399e+02
3.050000e-06	5.997198e-09	3.111308e-09	3.280346e+01	9.398881e+02
3.060000e-06	6.027910e-09	3.131728e-09	3.297142e+01	9.460442e+02
3.070000e-06	6.058184e-09	3.151805e-09	3.313698e+01	9.520953e+02
3.080000e-06	6.088043e-09	3.171637e-09	3.330020e+01	9.580433e+02
3.090000e-06	6.117494e-09	3.190920e-09	3.346112e+01	9.637991e+02
3.100000e-06	6.146524e-09	3.209156e-09	3.361973e+01	9.692811e+02
3.110000e-06	6.175151e-09	3.226700e-09	3.377620e+01	9.745731e+02
3.120000e-06	6.203439e-09	3.243642e-09	3.393085e+01	9.796916e+02
3.130000e-06	6.231468e-09	3.260342e-09	3.408404e+01	9.847338e+02
3.140000e-06	6.259259e-09	3.277270e-09	3.423595e+01	9.898035e+02
3.150000e-06	6.286695e-09	3.293684e-09	3.438595e+01	9.947214e+02
3.160000e-06	6.313569e-09	3.309437e-09	3.453282e+01	9.994400e+02
3.170000e-06	6.339709e-09	3.324623e-09	3.467564e+01	1.003975e+03
3.180000e-06	6.365092e-09	3.338893e-09	3.481433e+01	1.008249e+03
3.190000e-06	6.389827e-09	3.352390e-09	3.494946e+01	1.012307e+03
3.200000e-06	6.414076e-09	3.365278e-09	3.508195e+01	1.016212e+03
3.210000e-06	6.437949e-09	3.377947e-09	3.521240e+01	1.020079e+03
3.220000e-06	6.461451e-09	3.391000e-09	3.534084e+01	1.024025e+03
3.230000e-06	6.484521e-09	3.404334e-09	3.546687e+01	1.027986e+03
3.240000e-06	6.507118e-09	3.417315e-09	3.559028e+01	1.031824e+03
3.250000e-06	6.529285e-09	3.429560e-09	3.571134e+01	1.035476e+03
3.260000e-06	6.551051e-09	3.441052e-09	3.583023e+01	1.038943e+03
3.270000e-06	6.572375e-09	3.451996e-09	3.594674e+01	1.042265e+03
3.280000e-06	6.593232e-09	3.462822e-09	3.606071e+01	1.045537e+03
3.290000e-06	6.613666e-09	3.473828e-09	3.617237e+01	1.048835e+03
3.300000e-06	6.633769e-09	3.484751e-09	3.628222e+01	1.052107e+03
3.310000e-06	6.653590e-09	3.495185e-09	3.639052e+01	1.055244e+03
3.320000e-06	6.673062e-09	3.505040e-09	3.649693e+01	1.058215e+03
3.330000e-06	6.692072e-09	3.514497e-09	3.660084e+01	1.061069e+03
3.340000e-06	6.710541e-09	3.523782e-09	3.670177e+01	1.063871e+03
3.350000e-06	6.728473e-09	3.532955e-09	3.679970e+01	1.066647e+03
3.360000e-06	6.745966e-09	3.542083e-09	3.689527e+01	1.069408e+03
3.370000e-06	6.763094e-09	3.551349e-09	3.698888e+01	1.072184e+03
3.380000e-06	6.779843e-09	3.560651e-09	3.708035e+01	1.074932e+03
3.390000e-06	6.796103e-09	3.569350e-09	3.716916e+01	1.077522e+03
3.400000e-06	6.811715e-09	3.577421e-09	3.725450e+01	1.079969e+03
3.410000e-06	6.826664e-09	3.585125e-09	3.733622e+01	1.082309e+03
3.420000e-06	6.841041e-09	3.592510e-09	3.741470e+01	1.084545e+03
3.430000e-06	6.854900e-09	3.599934e-09	3.749029e+01	1.086762e+03
3.440000e-06	6.868254e-09	3.607228e-09	3.756316e+01	1.088939e+03
3.450000e-06	6.881077e-09	3.614363e-09	3.763313e+01	1.091078e+03
3.460000e-06	6.893422e-09	3.621285e-09	3.770049e+01	1.093154e+03
3.470000e-06	6.905330e-09	3.627777e-09	3.776548e+01	1.095110e+03
3.480000e-06	6.916734e-09	3.633891e-09	3.782779e+01	1.096955e+03
3.490000e-06	6.927488e-09	3.639442e-09	3.788652e+01	1.098645e+03
3.500000e-06	6.937482e-09	3.644671e-09	3.794106e+01	1.100246e+03
3.510000e-06	6.946703e-09	3.650091e-09	3.799135e+01	1.101877e+03
3.520000e-06	6.955269e-09	3.655624e-09	3.803804e+01	1.103530e+03
3.530000e-06	6.963411e-09	3.661063e-09	3.808244e+01	1.105145e+03
3.540000e-06	6.971250e-09	3.666079e-09	3.812521e+01	1.106637e+03
3.550000e-06	6.978738e-09	3.670572e-09	3.816611e+01	1.107992e+03
3.560000e-06	6.985776e-09	3.674812e-09	3.820451e+01	1.109262e+03
3.570000e-06	6.992287e-09	3.678826e-09	3.823999e+01	1.110441e+03
3.580000e-06	6.998293e-09	3.682337e-09	3.827274e+01	1.111478e+03
3.590000e-06	7.003817e-09	3.685193e-09	3.830288e+01	1.112348e+03
3.600000e-06	7.008825e-09	3.687711e-09	3.833020e+01	1.113134e+03
3.610000e-06	7.013352e-09	3.690407e-09	3.835488e+01	1.113957e+03
3.620000e-06	7.017522e-09	3.693370e-09	3.837759e+01	1.114835e+03
3.630000e-06	7.021392e-09	3.696354e-09	3.839866e+01	1.115705e+03
3.640000e-06	7.024892e-09	3.698838e-09	3.841771e+01	1.116431e+03
3.650000e-06	7.027860e-09	3.700391e-09	3.843381e+01	1.116905e+03
3.660000e-06	7.030099e-09	3.701661e-09	3.844601e+01	1.117279e+03
3.670000e-06	7.031558e-09	3.702968e-09	3.845395e+01	1.117645e+03
3.680000e-06	7.032355e-09	3.703700e-09	3.845819e+01	1.117880e+03
3.690000e-06	7.032668e-09	3.704213e-09	3.845984e+01	1.118071e+03
3.700000e-06	7.032644e-09	3.704982e-09	3.845960e+01	1.118311e+03
3.710000e-06	7.032259e-09	3.705470e-09	3.845738e+01	1.118455e+03
3.720000e-06	7.031410e-09	3.706075e-09	3.845268e+01	1.118609e+03
3.730000e-06	7.030075e-09	3.706934e-09	3.844530e+01	1.118826e+03
3.740000e-06	7.028282e-09	3.707097e-09	3.843539e+01	1.118862e+03
3.750000e-06	7.026068e-09	3.706605e-09	3.842320e+01	1.118709e+03
3.760000e-06	7.023416e-09	3.705927e-09	3.840862e+01	1.118432e+03
3.770000e-06	7.020290e-09	3.703980e-09	3.839140e+01	1.117813e+03
3.780000e-06	7.016714e-09	3.699101e-09	3.837170e+01	1.116904e+03
3.790000e-06	7.012638e-09	3.702164e-09	3.834925e+01	1.118155e+03
3.800000e-06	7.007813e-09	3.720285e-09	3.832275e+01	1.122112e+03
3.810000e-06	7.002152e-09	3.711486e-09	3.829176e+01	1.119128e+03
3.820000e-06	6.995993e-09	3.675845e-09	3.825815e+01	1.109948e+03
3.830000e-06	6.989650e-09	3.686089e-09	3.822360e+01	1.113143e+03
3.840000e-06	6.982940e-09	3.722397e-09	3.818693e+01	1.122531e+03
3.850000e-06	6.975577e-09	3.712272e-09	3.814652e+01	1.119332e+03
3.860000e-06	6.967684e-09	3.676973e-09	3.810322e+01	1.110316e+03
3.870000e-06	6.959494e-09	3.693399e-09	3.805835e+01	1.114816e+03
3.880000e-06	6.950909e-09	3.738587e-09	3.801129e+01	1.126233e+03
3.890000e-06	6.941721e-09	3.722889e-09	3.796090e+01	1.121739e+03
3.900000e-06	6.932000e-09	3.677763e-09	3.790762e+01	1.110414e+03
3.910000e-06	6.921914e-09	3.695847e-09	3.785237e+01	1.115328e+03
3.920000e-06	6.911415e-09	3.739757e-09	3.779484e+01	1.126072e+03
3.930000e-06	6.900325e-09	3.709880e-09	3.773406e+01	1.117776e+03
3.940000e-06	6.888661e-09	3.656988e-09	3.767018e+01	1.104585e+03
3.950000e-06	6.876517e-09	3.678586e-09	3.760364e+01	1.110920e+03
3.960000e-06	6.863748e-09	3.720287e-09	3.753366e+01	1.121438e+03
3.970000e-06	6.850159e-09	3.703412e-09	3.745927e+01	1.116068e+03
3.980000e-06	6.835836e-09	3.684690e-09	3.738087e+01	1.110681e+03
3.990000e-06	6.820912e-09	3.702858e-09	3.729919e+01	1.115651e+03
4.000000e-06	6.805428e-09	3.686100e-09	3.721448e+01	1.112100e+03
4.010000e-06	6.789524e-09	3.647174e-09	3.712746e+01	1.102589e+03
4.020000e-06	6.773301e-09	3.684500e-09	3.703862e+01	1.111872e+03
4.030000e-06	6.756654e-09	3.747031e-09	3.694746e+01	1.127237e+03
4.040000e-06	6.739481e-09	3.724200e-09	3.685344e+01	1.120725e+03
4.050000e-06	6.721850e-09	3.676909e-09	3.675691e+01	1.108490e+03
4.060000e-06	6.703808e-09	3.683418e-09	3.665811e+01	1.110760e+03
4.070000e-06	6.685308e-09	3.675279e-09	3.655682e+01	1.109576e+03
4.080000e-06	6.666329e-09	3.641626e-09	3.645289e+01	1.101215e+03
4.090000e-06	6.646929e-09	3.674345e-09	3.634661e+01	1.109071e+03
4.100000e-06	6.627180e-09	3.730335e-09	3.623844e+01	1.122919e+03
4.110000e-06	6.607108e-09	3.706455e-09	3.612852e+01	1.116422e+03
4.120000e-06	6.586678e-09	3.667097e-09	3.601668e+01	1.105795e+03
4.130000e-06	6.565740e-09	3.674436e-09	3.590213e+01	1.107716e+03
4.140000e-06	6.544124e-09	3.649304e-09	3.578394e+01	1.101895e+03
4.150000e-06	6.521749e-09	3.601066e-09	3.566150e+01	1.089475e+03
4.160000e-06	6.498659e-09	3.613360e-09	3.553503e+01	1.092252e+03
4.170000e-06	6.475057e-09	3.631392e-09	3.540578e+01	1.097117e+03
4.180000e-06	6.451128e-09	3.602508e-09	3.527480e+01	1.089555e+03
4.190000e-06	6.426906e-09	3.599221e-09	3.514224e+01	1.088081e+03
4.200000e-06	6.402294e-09	3.618165e-09	3.500761e+01	1.093153e+03
4.210000e-06	6.377234e-09	3.599535e-09	3.487054e+01	1.088384e+03
4.220000e-06	6.351730e-09	3.582967e-09	3.473099e+01	1.083276e+03
4.230000e-06	6.325761e-09	3.592687e-09	3.458888e+01	1.085584e+03
4.240000e-06	6.299290e-09	3.583324e-09	3.444407e+01	1.083401e+03
4.250000e-06	6.272308e-09	3.568335e-09	3.429648e+01	1.078811e+03
4.260000e-06	6.244884e-09	3.570838e-09	3.414643e+01	1.078907e+03
4.270000e-06	6.217135e-09	3.561810e-09	3.399455e+01	1.076778e+03
4.280000e-06	6.189152e-09	3.548358e-09	3.384139e+01	1.072864e+03
4.290000e-06	6.160896e-09	3.547462e-09	3.368677e+01	1.071921e+03
4.300000e-06	6.132235e-09	3.537250e-09	3.352999e+01	1.069408e+03
4.310000e-06	6.103013e-09	3.525832e-09	3.337006e+01	1.066303e+03
4.320000e-06	6.073050e-09	3.527237e-09	3.320611e+01	1.065870e+03
4.330000e-06	6.042367e-09	3.516355e-09	3.303828e+01	1.062766e+03
4.340000e-06	6.011134e-09	3.501786e-09	3.286738e+01	1.058921e+03
4.350000e-06	5.979492e-09	3.502831e-09	3.269424e+01	1.058633e+03
4.360000e-06	5.947520e-09	3.494306e-09	3.251931e+01	1.056029e+03
4.370000e-06	5.915225e-09	3.475966e-09	3.234262e+01	1.051177e+03
4.380000e-06	5.882546e-09	3.472868e-09	3.216380e+01	1.049982e+03
4.390000e-06	5.849397e-09	3.467189e-09	3.198243e+01	1.048020e+03
4.400000e-06	5.815851e-09	3.451345e-09	3.179888e+01	1.043647e+03
4.410000e-06	5.781958e-09	3.447003e-09	3.161345e+01	1.042189e+03
4.420000e-06	5.747707e-09	3.443423e-09	3.142614e+01	1.040749e+03
4.430000e-06	5.713075e-09	3.427712e-09	3.123672e+01	1.036277e+03
4.440000e-06	5.678019e-09	3.418064e-09	3.104497e+01	1.033497e+03
4.450000e-06	5.642575e-09	3.413870e-09	3.085110e+01	1.032050e+03
4.460000e-06	5.606840e-09	3.402030e-09	3.065561e+01	1.028535e+03
4.470000e-06	5.570873e-09	3.389875e-09	3.045882e+01	1.024994e+03
4.480000e-06	5.534639e-09	3.381636e-09	3.026058e+01	1.022468e+03
4.490000e-06	5.498013e-09	3.371600e-09	3.006022e+01	1.019410e+03
4.500000e-06	5.460850e-09	3.361525e-09	2.985699e+01	1.016353e+03
4.510000e-06	5.423078e-09	3.352618e-09	2.965038e+01	1.013662e+03
4.520000e-06	5.384642e-09	3.342594e-09	2.944006e+01	1.010645e+03
4.530000e-06	5.345610e-09	3.332109e-09	2.922652e+01	1.007477e+03
4.540000e-06	5.306140e-09	3.321114e-09	2.901061e+01	1.004184e+03
4.550000e-06	5.266348e-09	3.310205e-09	2.879292e+01	1.000923e+03
4.560000e-06	5.226309e-09	3.300329e-09	2.857390e+01	9.979067e+02
4.570000e-06	5.186024e-09	3.288882e-09	2.835353e+01	9.944837e+02
4.580000e-06	5.145461e-09	3.276404e-09	2.813163e+01	9.908117e+02
4.590000e-06	5.104565e-09	3.266701e-09	2.790795e+01	9.878468e+02
4.600000e-06	5.063280e-09	3.257725e-09	2.768217e+01	9.850368e+02
4.610000e-06	5.021638e-09	3.246888e-09	2.745440e+01	9.817411e+02
4.620000e-06	4.979674e-09	3.234942e-09	2.722482e+01	9.781584e+02
4.630000e-06	4.937350e-09	3.222659e-09	2.699326e+01	9.744913e+02
4.640000e-06	4.894645e-09	3.209819e-09	2.675961e+01	9.706943e+02
4.650000e-06	4.851557e-09	3.197621e-09	2.652391e+01	9.670636e+02
4.660000e-06	4.808115e-09	3.186474e-09	2.628632e+01	9.636856e+02
4.670000e-06	4.764410e-09	3.174903e-09	2.604722e+01	9.601816e+02
4.680000e-06	4.720520e-09	3.162522e-09	2.580705e+01	9.564596e+02
4.690000e-06	4.676442e-09	3.150821e-09	2.556587e+01	9.528978e+02
4.700000e-06	4.632139e-09	3.139291e-09	2.532343e+01	9.493901e+02
4.710000e-06	4.587578e-09	3.126850e-09	2.507959e+01	9.456530e+02
4.720000e-06	4.542696e-09	3.113992e-09	2.483406e+01	9.418097e+02
4.730000e-06	4.497448e-09	3.100846e-09	2.458647e+01	9.378952e+02
4.740000e-06	4.451830e-09	3.087655e-09	2.433689e+01	9.339400e+02
4.750000e-06	4.405888e-09	3.075530e-09	2.408559e+01	9.302154e+02
4.760000e-06	4.359658e-09	3.063254e-09	2.383269e+01	9.264443e+02
4.770000e-06	4.313165e-09	3.049275e-09	2.357835e+01	9.222485e+02
4.780000e-06	4.266460e-09	3.034599e-09	2.332286e+01	9.178982e+02
4.790000e-06	4.219528e-09	3.020628e-09	2.306611e+01	9.137246e+02
4.800000e-06	4.172334e-09	3.007428e-09	2.280788e+01	9.097397e+02
4.810000e-06	4.124810e-09	2.994059e-09	2.254785e+01	9.057052e+02
4.820000e-06	4.076913e-09	2.980005e-09	2.228592e+01	9.014931e+02
4.830000e-06	4.028661e-09	2.965343e-09	2.202206e+01	8.971038e+02
4.840000e-06	3.980036e-09	2.950593e-09	2.175605e+01	8.926513e+02
4.850000e-06	3.931009e-09	2.935936e-09	2.148786e+01	8.882117e+02
4.860000e-06	3.881623e-09	2.921306e-09	2.121774e+01	8.838113e+02
4.870000e-06	3.831952e-09	2.906487e-09	2.094609e+01	8.793726e+02
4.880000e-06	3.782001e-09	2.891317e-09	2.067282e+01	8.748430e+02
4.890000e-06	3.731752e-09	2.876267e-09	2.039792e+01	8.703281e+02
4.900000e-06	3.681172e-09	2.861682e-09	2.012129e+01	8.658958e+02
4.910000e-06	3.630267e-09	2.846629e-09	1.984290e+01	8.613220e+02
4.920000e-06	3.579080e-09	2.830652e-09	1.956293e+01	8.565109e+02
4.930000e-06	3.527634e-09	2.814112e-09	1.928147e+01	8.515471e+02
4.940000e-06	3.475951e-09	2.797481e-09	1.899867e+01	8.465596e+02
4.950000e-06	3.424045e-09	2.781170e-09	1.871469e+01	8.416557e+02
4.960000e-06	3.371930e-09	2.765013e-09	1.842963e+01	8.367944e+02
4.970000e-06	3.319598e-09	2.748858e-09	1.814342e+01	8.319454e+02
4.980000e-06	3.267000e-09	2.732821e-09	1.785575e+01	8.271107e+02
4.990000e-06	3.214110e-09	2.716372e-09	1.756646e+01	8.221421e+02
5.000000e-06	3.160902e-09	2.699613e-09	1.727545e+01	8.170736e+02
5.010000e-06	3.107344e-09	2.682418e-09	1.698249e+01	8.118972e+02
5.020000e-06	3.053416e-09	2.664588e-09	1.668754e+01	8.065657e+02
5.030000e-06	2.999108e-09	2.646873e-09	1.639056e+01	8.012594e+02
5.040000e-06	2.944420e-09	2.629599e-09	1.609155e+01	7.960412e+02
5.050000e-06	2.889395e-09	2.612382e-09	1.579070e+01	7.908211e+02
5.060000e-06	2.834114e-09	2.594728e-09	1.548832e+01	7.854918e+02
5.070000e-06	2.778622e-09	2.576774e-09	1.518480e+01	7.801010e+02
5.080000e-06	2.722955e-09	2.558725e-09	1.488033e+01	7.746722e+02
5.090000e-06	2.667158e-09	2.540132e-09	1.457512e+01	7.690829e+02
5.100000e-06	2.611250e-09	2.521116e-09	1.426932e+01	7.633729e+02
5.110000e-06	2.555240e-09	2.502225e-09	1.396293e+01	7.576838e+02
5.120000e-06	2.499120e-09	2.483662e-09	1.365590e+01	7.520769e+02
5.130000e-06	2.442864e-09	2.465304e-09	1.334817e+01	7.465331e+02
5.140000e-06	2.386501e-09	2.446398e-09	1.303986e+01	7.408437e+02
5.150000e-06	2.330009e-09	2.426702e-09	1.273083e+01	7.349452e+02
5.160000e-06	2.273380e-09	2.406794e-09	1.242105e+01	7.289802e+02
5.170000e-06	2.216593e-09	2.386810e-09	1.211041e+01	7.229977e+02
5.180000e-06	2.159612e-09	2.367169e-09	1.179871e+01	7.170934e+02
5.190000e-06	2.102447e-09	2.348173e-09	1.148603e+01	7.113254e+02
5.200000e-06	2.045109e-09	2.328802e-09	1.117243e+01	7.054502e+02
5.210000e-06	1.987622e-09	2.309013e-09	1.085801e+01	6.994591e+02
5.220000e-06	1.930016e-09	2.288709e-09	1.054293e+01	6.933542e+02
5.230000e-06	1.872298e-09	2.267233e-09	1.022720e+01	6.869614e+02
5.240000e-06	1.814457e-09	2.245575e-09	9.910856e+00	6.804986e+02
5.250000e-06	1.756504e-09	2.224712e-09	9.593928e+00	6.742114e+02
5.260000e-06	1.698419e-09	2.204219e-09	9.276272e+00	6.680313e+02
5.270000e-06	1.640205e-09	2.183981e-09	8.957911e+00	6.618985e+02
5.280000e-06	1.581880e-09	2.163782e-09	8.638857e+00	6.557550e+02
5.290000e-06	1.523440e-09	2.142578e-09	8.319161e+00	6.493499e+02
5.300000e-06	1.464871e-09	2.120292e-09	7.998846e+00	6.426422e+02
5.310000e-06	1.406184e-09	2.097873e-09	7.677915e+00	6.359066e+02
5.320000e-06	1.347407e-09	2.075608e-09	7.356435e+00	6.292190e+02
5.330000e-06	1.288525e-09	2.053239e-09	7.034351e+00	6.224893e+02
5.340000e-06	1.229523e-09	2.030994e-09	6.711649e+00	6.157767e+02
5.350000e-06	1.170422e-09	2.008868e-09	6.388378e+00	6.090836e+02
5.360000e-06	1.111250e-09	1.986706e-09	6.064721e+00	6.023824e+02
5.370000e-06	1.052027e-09	1.964573e-09	5.740816e+00	5.956747e+02
5.380000e-06	9.927450e-10	1.942184e-09	5.416565e+00	5.888867e+02
5.390000e-06	9.334001e-10	1.919051e-09	5.092017e+00	5.819094e+02
5.400000e-06	8.740095e-10	1.895223e-09	4.767267e+00	5.747400e+02
5.410000e-06	8.145665e-10	1.871174e-09	4.442178e+00	5.674975e+02
5.420000e-06	7.550678e-10	1.847074e-09	4.116756e+00	5.602324e+02
5.430000e-06	6.955183e-10	1.822786e-09	3.791106e+00	5.529000e+02
5.440000e-06	6.359310e-10	1.798279e-09	3.465250e+00	5.454931e+02
5.450000e-06	5.763179e-10	1.773410e-09	3.139192e+00	5.379960e+02
5.460000e-06	5.166684e-10	1.748648e-09	2.812937e+00	5.305358e+02
5.470000e-06	4.569848e-10	1.723975e-09	2.486549e+00	5.230855e+02
5.480000e-06	3.972890e-10	1.698734e-09	2.160048e+00	5.154651e+02
5.490000e-06	3.375839e-10	1.673202e-09	1.833433e+00	5.077294e+02
5.500000e-06	2.778756e-10	1.647358e-09	1.506834e+00	4.998817e+02
5.510000e-06	2.181491e-10	1.620912e-09	1.180169e+00	4.918895e+02
5.520000e-06	1.584142e-10	1.593957e-09	8.534605e-01	4.837677e+02
5.530000e-06	9.870014e-11	1.566838e-09	5.268955e-01	4.755811e+02
5.540000e-06	3.898536e-11	1.539530e-09	2.003452e-01	4.673318e+02
5.550000e-06	-2.073446e-11	1.512047e-09	-1.262662e-01	4.590342e+02
5.560000e-06	-8.044109e-11	1.484406e-09	-4.528254e-01	4.506702e+02
5.570000e-06	-1.401444e-10	1.456318e-09	-7.793516e-01	4.421649e+02
5.580000e-06	-1.998535e-10	1.427809e-09	-1.105937e+00	4.335235e+02
5.590000e-06	-2.595559e-10	1.398912e-09	-1.432517e+00	4.247613e+02
5.600000e-06	-3.192451e-10	1.369966e-09	-1.758968e+00	4.159758e+02
5.610000e-06	-3.789256e-10	1.340628e-09	-2.085318e+00	4.070808e+02
5.620000e-06	-4.385929e-10	1.310337e-09	-2.411645e+00	3.979415e+02
5.630000e-06	-4.982271e-10	1.279310e-09	-2.737815e+00	3.885972e+02
5.640000e-06	-5.578376e-10	1.247587e-09	-3.063773e+00	3.790574e+02
5.650000e-06	-6.174132e-10	1.215728e-09	-3.389535e+00	3.694672e+02
5.660000e-06	-6.769204e-10	1.184371e-09	-3.714991e+00	3.599699e+02
5.670000e-06	-7.363853e-10	1.153383e-09	-4.040195e+00	3.505479e+02
5.680000e-06	-7.958023e-10	1.122353e-09	-4.365152e+00	3.411021e+02
5.690000e-06	-8.551661e-10	1.090853e-09	-4.689811e+00	3.315096e+02
5.700000e-06	-9.144878e-10	1.058270e-09	-5.014194e+00	3.216295e+02
5.710000e-06	-9.737564e-10	1.024111e-09	-5.338322e+00	3.113348e+02
5.720000e-06	-1.032966e-09	9.890307e-10	-5.662122e+00	3.007946e+02
5.730000e-06	-1.092110e-09	9.541140e-10	-5.985530e+00	2.902911e+02
5.740000e-06	-1.151171e-09	9.195570e-10	-6.308495e+00	2.798573e+02
5.750000e-06	-1.210147e-09	8.854245e-10	-6.630986e+00	2.695139e+02
5.760000e-06	-1.269024e-09	8.516907e-10	-6.952958e+00	2.592504e+02
5.770000e-06	-1.327780e-09	8.173361e-10	-7.274321e+00	2.488040e+02
5.780000e-06	-1.386436e-09	7.818422e-10	-7.595085e+00	2.380506e+02
5.790000e-06	-1.444990e-09	7.457916e-10	-7.915231e+00	2.271342e+02
5.800000e-06	-1.503420e-09	7.089568e-10	-8.234719e+00	2.160044e+02
5.810000e-06	-1.561718e-09	6.712757e-10	-8.553525e+00	2.046467e+02
5.820000e-06	-1.619898e-09	6.331778e-10	-8.871720e+00	1.931623e+02
5.830000e-06	-1.677956e-09	5.949007e-10	-9.189266e+00	1.816154e+02
5.840000e-06	-1.735898e-09	5.567603e-10	-9.506199e+00	1.700797e+02
5.850000e-06	-1.793738e-09	5.186055e-10	-9.822547e+00	1.585123e+02
5.860000e-06	-1.851469e-09	4.804220e-10	-1.013826e+01	1.469079e+02
5.870000e-06	-1.909081e-09	4.421435e-10	-1.045325e+01	1.352244e+02
5.880000e-06	-1.966549e-09	4.030477e-10	-1.076740e+01	1.232968e+02
5.890000e-06	-2.023849e-09	3.622093e-10	-1.108066e+01	1.108988e+02
5.900000e-06	-2.080972e-09	3.191418e-10	-1.139298e+01	9.790522e+01
5.910000e-06	-2.137930e-09	2.749253e-10	-1.170434e+01	8.460005e+01
5.920000e-06	-2.194722e-09	2.311953e-10	-1.201478e+01	7.138592e+01
5.930000e-06	-2.251339e-09	1.882210e-10	-1.232436e+01	5.832882e+01
5.940000e-06	-2.307790e-09	1.456013e-10	-1.263314e+01	4.532948e+01
5.950000e-06	-2.364102e-09	1.028412e-10	-1.294116e+01	3.226823e+01
5.960000e-06	-2.420291e-09	5.891468e-11	-1.324844e+01	1.887221e+01
5.970000e-06	-2.476367e-09	1.307210e-11	-1.355511e+01	4.960833e+00
5.980000e-06	-2.532339e-09	-3.416538e-11	-1.386128e+01	-9.312415e+00
5.990000e-06	-2.588214e-09	-8.181661e-11	-1.416687e+01	-2.370501e+01
6.000000e-06	-2.643973e-09	-1.294779e-10	-1.447175e+01	-3.812009e+01
6.010000e-06	-2.699589e-09	-1.771329e-10	-1.477589e+01	-5.254781e+01
6.020000e-06	-2.755060e-09	-2.245863e-10	-1.507923e+01	-6.694379e+01
6.030000e-06	-2.810346e-09	-2.716952e-10	-1.538138e+01	-8.128130e+01
6.040000e-06	-2.865384e-09	-3.189729e-10	-1.568207e+01	-9.568249e+01
6.050000e-06	-2.920098e-09	-3.672678e-10	-1.598106e+01	-1.103510e+02
6.060000e-06	-2.974447e-09	-4.170733e-10	-1.627809e+01	-1.254075e+02
6.070000e-06	-3.028424e-09	-4.677972e-10	-1.657305e+01	-1.407107e+02
6.080000e-06	-3.082024e-09	-5.184095e-10	-1.686601e+01	-1.560019e+02
6.090000e-06	-3.135285e-09	-5.683852e-10	-1.715710e+01	-1.711465e+02
6.100000e-06	-3.188219e-09	-6.177732e-10	-1.744637e+01	-1.861688e+02
6.110000e-06	-3.240828e-09	-6.676008e-10	-1.773399e+01	-2.013234e+02
6.120000e-06	-3.293172e-09	-7.185485e-10	-1.802021e+01	-2.167688e+02
6.130000e-06	-3.345304e-09	-7.699291e-10	-1.830525e+01	-2.323213e+02
6.140000e-06	-3.397240e-09	-8.209244e-10	-1.858924e+01	-2.477563e+02
6.150000e-06	-3.448970e-09	-8.715365e-10	-1.887211e+01	-2.630724e+02
6.160000e-06	-3.500456e-09	-9.219974e-10	-1.915363e+01	-2.783508e+02
6.170000e-06	-3.551673e-09	-9.724643e-10	-1.943369e+01	-2.936408e+02
6.180000e-06	-3.602618e-09	-1.023279e-09	-1.971225e+01	-3.090198e+02
6.190000e-06	-3.653267e-09	-1.073877e-09	-1.998916e+01	-3.243633e+02
6.200000e-06	-3.703606e-09	-1.124089e-09	-2.026434e+01	-3.396189e+02
6.210000e-06	-3.753634e-09	-1.174728e-09	-2.053780e+01	-3.549523e+02
6.220000e-06	-3.803330e-09	-1.225519e-09	-2.080945e+01	-3.702853e+02
6.230000e-06	-3.852674e-09	-1.275521e-09	-2.107919e+01	-3.853886e+02
6.240000e-06	-3.901635e-09	-1.324425e-09	-2.134682e+01	-4.001762e+02
6.250000e-06	-3.950167e-09	-1.372662e-09	-2.161207e+01	-4.147707e+02
6.260000e-06	-3.998279e-09	-1.420930e-09	-2.187504e+01	-4.293939e+02
6.270000e-06	-4.045979e-09	-1.469818e-09	-2.213577e+01	-4.441753e+02
6.280000e-06	-4.093289e-09	-1.518711e-09	-2.239441e+01	-4.589375e+02
6.290000e-06	-4.140288e-09	-1.566279e-09	-2.265143e+01	-4.733552e+02
6.300000e-06	-4.187014e-09	-1.612874e-09	-2.290700e+01	-4.875035e+02
6.310000e-06	-4.233511e-09	-1.659658e-09	-2.316127e+01	-5.016556e+02
6.320000e-06	-4.279808e-09	-1.706223e-09	-2.341444e+01	-5.157033e+02
6.330000e-06	-4.325910e-09	-1.752064e-09	-2.366655e+01	-5.295471e+02
6.340000e-06	-4.371800e-09	-1.797199e-09	-2.391748e+01	-5.431978e+02
6.350000e-06	-4.417449e-09	-1.841569e-09	-2.416702e+01	-5.566260e+02
6.360000e-06	-4.462808e-09	-1.885614e-09	-2.441494e+01	-5.699626e+02
6.370000e-06	-4.507815e-09	-1.929660e-09	-2.466097e+01	-5.832851e+02
6.380000e-06	-4.552477e-09	-1.972996e-09	-2.490519e+01	-5.963788e+02
6.390000e-06	-4.596860e-09	-2.014785e-09	-2.514791e+01	-6.090296e+02
6.400000e-06	-4.641006e-09	-2.055361e-09	-2.538938e+01	-6.213304e+02
6.410000e-06	-4.684958e-09	-2.095572e-09	-2.562978e+01	-6.334894e+02
6.420000e-06	-4.728725e-09	-2.135376e-09	-2.586913e+01	-6.455045e+02
6.430000e-06	-4.772256e-09	-2.174357e-09	-2.610718e+01	-6.572844e+02
6.440000e-06	-4.815504e-09	-2.212344e-09	-2.634365e+01	-6.687820e+02
6.450000e-06	-4.858409e-09	-2.249574e-09	-2.657824e+01	-6.800555e+02
6.460000e-06	-4.900954e-09	-2.286810e-09	-2.681084e+01	-6.913017e+02
6.470000e-06	-4.943167e-09	-2.323816e-09	-2.704162e+01	-7.024684e+02
6.480000e-06	-4.985068e-09	-2.360141e-09	-2.727070e+01	-7.134295e+02
6.490000e-06	-5.026639e-09	-2.395817e-09	-2.749793e+01	-7.242028e+02
6.500000e-06	-5.067838e-09	-2.431012e-09	-2.772312e+01	-7.348289e+02
6.510000e-06	-5.108646e-09	-2.466010e-09	-2.794621e+01	-7.453580e+02
6.520000e-06	-5.149074e-09	-2.500405e-09	-2.816730e+01	-7.556940e+02
6.530000e-06	-5.189218e-09	-2.533278e-09	-2.838689e+01	-7.656283e+02
6.540000e-06	-5.229152e-09	-2.565243e-09	-2.860533e+01	-7.753377e+02
6.550000e-06	-5.268865e-09	-2.597300e-09	-2.882255e+01	-7.850551e+02
6.560000e-06	-5.308299e-09	-2.629313e-09	-2.903814e+01	-7.947190e+02
6.570000e-06	-5.347329e-09	-2.661263e-09	-2.925142e+01	-8.043170e+02
6.580000e-06	-5.385839e-09	-2.692667e-09	-2.946177e+01	-8.137383e+02
6.590000e-06	-5.423721e-09	-2.722940e-09	-2.966866e+01	-8.228394e+02
6.600000e-06	-5.460968e-09	-2.751871e-09	-2.987217e+01	-8.315674e+02
6.610000e-06	-5.497679e-09	-2.779541e-09	-3.007290e+01	-8.399462e+02
6.620000e-06	-5.533979e-09	-2.806570e-09	-3.027142e+01	-8.481389e+02
6.630000e-06	-5.569991e-09	-2.833336e-09	-3.046835e+01	-8.562423e+02
6.640000e-06	-5.605763e-09	-2.859867e-09	-3.066392e+01	-8.642458e+02
6.650000e-06	-5.641241e-09	-2.886118e-09	-3.085789e+01	-8.721353e+02
6.660000e-06	-5.676328e-09	-2.911895e-09	-3.104978e+01	-8.798540e+02
6.670000e-06	-5.710996e-09	-2.937035e-09	-3.123933e+01	-8.873753e+02
6.680000e-06	-5.745259e-09	-2.961044e-09	-3.142660e+01	-8.946020e+02
6.690000e-06	-5.779135e-09	-2.983598e-09	-3.161171e+01	-9.014375e+02
6.700000e-06	-5.812622e-09	-3.005433e-09	-3.179465e+01	-9.080673e+02
6.710000e-06	-5.845678e-09	-3.027571e-09	-3.197528e+01	-9.147477e+02
6.720000e-06	-5.878317e-09	-3.049851e-09	-3.215371e+01	-9.214244e+02
6.730000e-06	-5.910604e-09	-3.071447e-09	-3.233025e+01	-9.279038e+02
6.740000e-06	-5.942570e-09	-3.092064e-09	-3.250504e+01	-9.341224e+02
6.750000e-06	-5.974224e-09	-3.111938e-09	-3.267803e+01	-9.401374e+02
6.760000e-06	-6.005485e-09	-3.131718e-09	-3.284880e+01	-9.461050e+02
6.770000e-06	-6.036180e-09	-3.151905e-09	-3.301639e+01	-9.521536e+02
6.780000e-06	-6.066193e-09	-3.171836e-09	-3.318015e+01	-9.581161e+02
6.790000e-06	-6.095528e-09	-3.190598e-09	-3.334027e+01	-9.637606e+02
6.800000e-06	-6.124279e-09	-3.208488e-09	-3.349733e+01	-9.691744e+02
6.810000e-06	-6.152594e-09	-3.226277e-09	-3.365212e+01	-9.745520e+02
6.820000e-06	-6.180615e-09	-3.244368e-09	-3.380536e+01	-9.799956e+02
6.830000e-06	-6.208377e-09	-3.262430e-09	-3.395713e+01	-9.854119e+02
6.840000e-06	-6.235789e-09	-3.279702e-09	-3.410692e+01	-9.905973e+02
6.850000e-06	-6.262756e-09	-3.296164e-09	-3.425422e+01	-9.955487e+02
6.860000e-06	-6.289250e-09	-3.312367e-09	-3.439894e+01	-1.000423e+03
6.870000e-06	-6.315278e-09	-3.328560e-09	-3.454113e+01	-1.005275e+03
6.880000e-06	-6.340868e-09	-3.344007e-09	-3.468094e+01	-1.009905e+03
6.890000e-06	-6.365980e-09	-3.357890e-09	-3.481813e+01	-1.014130e+03
6.900000e-06	-6.390605e-09	-3.371242e-09	-3.495267e+01	-1.018218e+03
6.910000e-06	-6.414854e-09	-3.385102e-09	-3.508522e+01	-1.022415e+03
6.920000e-06	-6.438828e-09	-3.399404e-09	-3.521633e+01	-1.026700e+03
6.930000e-06	-6.462521e-09	-3.413715e-09	-3.534589e+01	-1.030963e+03
6.940000e-06	-6.485815e-09	-3.426597e-09	-3.547310e+01	-1.034828e+03
6.950000e-06	-6.508542e-09	-3.437986e-09	-3.559709e+01	-1.038287e+03
6.960000e-06	-6.530554e-09	-3.449467e-09	-3.571719e+01	-1.041753e+03
6.970000e-06	-6.551834e-09	-3.460999e-09	-3.583332e+01	-1.045212e+03
6.980000e-06	-6.572511e-09	-3.472233e-09	-3.594625e+01	-1.048583e+03
6.990000e-06	-6.592759e-09	-3.482759e-09	-3.605694e+01	-1.051765e+03
7.000000e-06	-6.612695e-09	-3.492460e-09	-3.616592e+01	-1.054745e+03
7.010000e-06	-6.632317e-09	-3.502517e-09	-3.627310e+01	-1.057802e+03
7.020000e-06	-6.651533e-09	-3.513252e-09	-3.637799e+01	-1.060994e+03
7.030000e-06	-6.670268e-09	-3.523859e-09	-3.648032e+01	-1.064111e+03
7.040000e-06	-6.688533e-09	-3.532965e-09	-3.658012e+01	-1.066829e+03
7.050000e-06	-6.706369e-09	-3.540776e-09	-3.667755e+01	-1.069228e+03
7.060000e-06	-6.723773e-09	-3.548582e-09	-3.677258e+01	-1.071628e+03
7.070000e-06	-6.740689e-09	-3.556824e-09	-3.686494e+01	-1.074127e+03
7.080000e-06	-6.757142e-09	-3.565418e-09	-3.695487e+01	-1.076700e+03
7.090000e-06	-6.773254e-09	-3.573758e-09	-3.704301e+01	-1.079206e+03
7.100000e-06	-6.789088e-09	-3.581673e-09	-3.712948e+01	-1.081597e+03
7.110000e-06	-6.804484e-09	-3.589947e-09	-3.721344e+01	-1.084059e+03
7.120000e-06	-6.819214e-09	-3.598550e-09	-3.729364e+01	-1.086572e+03
7.130000e-06	-6.833096e-09	-3.606325e-09	-3.736918e+01	-1.088842e+03
7.140000e-06	-6.846195e-09	-3.612616e-09	-3.744056e+01	-1.090736e+03
7.150000e-06	-6.858726e-09	-3.617939e-09	-3.750893e+01	-1.092414e+03
7.160000e-06	-6.870785e-09	-3.623655e-09	-3.757479e+01	-1.094195e+03
7.170000e-06	-6.882385e-09	-3.630182e-09	-3.763804e+01	-1.096157e+03
7.180000e-06	-6.893468e-09	-3.636931e-09	-3.769843e+01	-1.098154e+03
7.190000e-06	-6.904047e-09	-3.643512e-09	-3.775614e+01	-1.100094e+03
7.200000e-06	-6.914163e-09	-3.649338e-09	-3.781135e+01	-1.101832e+03
7.210000e-06	-6.923850e-09	-3.654281e-09	-3.786419e+01	-1.103331e+03
7.220000e-06	-6.933054e-09	-3.659053e-09	-3.791444e+01	-1.104764e+03
7.230000e-06	-6.941752e-09	-3.663815e-09	-3.796193e+01	-1.106180e+03
7.240000e-06	-6.950039e-09	-3.668045e-09	-3.800716e+01	-1.107470e+03
7.250000e-06	-6.958006e-09	-3.671709e-09	-3.805068e+01	-1.108624e+03
7.260000e-06	-6.965647e-09	-3.675651e-09	-3.809236e+01	-1.109835e+03
7.270000e-06	-6.972804e-09	-3.680357e-09	-3.813129e+01	-1.111213e+03
7.280000e-06	-6.979273e-09	-3.685142e-09	-3.816639e+01	-1.112585e+03
7.290000e-06	-6.984983e-09	-3.688992e-09	-3.819731e+01	-1.113712e+03
7.300000e-06	-6.989988e-09	-3.691715e-09	-3.822445e+01	-1.114563e+03
7.310000e-06	-6.994432e-09	-3.694095e-09	-3.824866e+01	-1.115322e+03
7.320000e-06	-6.998502e-09	-3.696976e-09	-3.827091e+01	-1.116184e+03
7.330000e-06	-7.002256e-09	-3.700189e-09	-3.829139e+01	-1.117118e+03
7.340000e-06	-7.005596e-09	-3.703006e-09	-3.830960e+01	-1.117952e+03
7.350000e-06	-7.008435e-09	-3.705083e-09	-3.832505e+01	-1.118589e+03
7.360000e-06	-7.010804e-09	-3.706789e-09	-3.833789e+01	-1.119136e+03
7.370000e-06	-7.012763e-09	-3.708571e-09	-3.834850e+01	-1.119701e+03
7.380000e-06	-7.014265e-09	-3.710769e-09	-3.835655e+01	-1.120343e+03
7.390000e-06	-7.015187e-09	-3.712937e-09	-3.836147e+01	-1.120951e+03
