# Temperatura_=_19.46875
# Concentracion g/m^3_=_10000.0
# C_Vs_to_Am_M_A/Vsm_=_254322799225.57578
# pendiente_HvsI_1/m_=_3716.3
# ordenada_HvsI_A/m_=_1297.0
# frecuencia_Hz_=_135120.0721950721
# Promedio de 32 ciclos

Tiempo_(s)	Campo_(V.s)	Magnetizacion_(V.s)	Campo_(kA/m)	Magnetizacion_(A/m)
0.000000e+00	-7.061653e-09	-2.340101e-09	-3.836329e+01	-8.366851e+02
1.000000e-08	-7.061819e-09	-2.340660e-09	-3.836406e+01	-8.368872e+02
2.000000e-08	-7.061656e-09	-2.341188e-09	-3.836308e+01	-8.370765e+02
3.000000e-08	-7.061065e-09	-2.341208e-09	-3.835987e+01	-8.370618e+02
4.000000e-08	-7.059880e-09	-2.340761e-09	-3.835358e+01	-8.368772e+02
5.000000e-08	-7.057950e-09	-2.340686e-09	-3.834330e+01	-8.368738e+02
6.000000e-08	-7.055269e-09	-2.341823e-09	-3.832885e+01	-8.373760e+02
7.000000e-08	-7.051984e-09	-2.343619e-09	-3.831098e+01	-8.381432e+02
8.000000e-08	-7.048200e-09	-2.343102e-09	-3.829039e+01	-8.378570e+02
9.000000e-08	-7.043859e-09	-2.337211e-09	-3.826695e+01	-8.353183e+02
1.000000e-07	-7.038846e-09	-2.326790e-09	-3.823984e+01	-8.314735e+02
1.100000e-07	-7.033237e-09	-2.325217e-09	-3.820932e+01	-8.316093e+02
1.200000e-07	-7.027322e-09	-2.349495e-09	-3.817715e+01	-8.408092e+02
1.300000e-07	-7.021221e-09	-2.364576e-09	-3.814412e+01	-8.455395e+02
1.400000e-07	-7.014679e-09	-2.332741e-09	-3.810871e+01	-8.335453e+02
1.500000e-07	-7.007507e-09	-2.306385e-09	-3.806973e+01	-8.247128e+02
1.600000e-07	-6.999890e-09	-2.339986e-09	-3.802821e+01	-8.373090e+02
1.700000e-07	-6.992014e-09	-2.367253e-09	-3.798541e+01	-8.463878e+02
1.800000e-07	-6.983723e-09	-2.320358e-09	-3.794045e+01	-8.288031e+02
1.900000e-07	-6.974838e-09	-2.284671e-09	-3.789209e+01	-8.165678e+02
2.000000e-07	-6.965433e-09	-2.328793e-09	-3.784084e+01	-8.330410e+02
2.100000e-07	-6.955566e-09	-2.358449e-09	-3.778735e+01	-8.430561e+02
2.200000e-07	-6.945002e-09	-2.308013e-09	-3.773015e+01	-8.243055e+02
2.300000e-07	-6.933625e-09	-2.278254e-09	-3.766834e+01	-8.138029e+02
2.400000e-07	-6.921671e-09	-2.317687e-09	-3.760341e+01	-8.278930e+02
2.500000e-07	-6.909249e-09	-2.324572e-09	-3.753606e+01	-8.298718e+02
2.600000e-07	-6.896234e-09	-2.279938e-09	-3.746545e+01	-8.140239e+02
2.700000e-07	-6.882599e-09	-2.284529e-09	-3.739141e+01	-8.159367e+02
2.800000e-07	-6.868398e-09	-2.322556e-09	-3.731444e+01	-8.291166e+02
2.900000e-07	-6.853516e-09	-2.299398e-09	-3.723382e+01	-8.207270e+02
3.000000e-07	-6.837835e-09	-2.265467e-09	-3.714874e+01	-8.090922e+02
3.100000e-07	-6.821499e-09	-2.293086e-09	-3.706012e+01	-8.187870e+02
3.200000e-07	-6.804698e-09	-2.304434e-09	-3.696909e+01	-8.224304e+02
3.300000e-07	-6.787481e-09	-2.266763e-09	-3.687570e+01	-8.094892e+02
3.400000e-07	-6.769904e-09	-2.274761e-09	-3.678032e+01	-8.127618e+02
3.500000e-07	-6.751972e-09	-2.309580e-09	-3.668306e+01	-8.246402e+02
3.600000e-07	-6.733558e-09	-2.279116e-09	-3.658316e+01	-8.135097e+02
3.700000e-07	-6.714596e-09	-2.244081e-09	-3.648019e+01	-8.014455e+02
3.800000e-07	-6.695184e-09	-2.277058e-09	-3.637479e+01	-8.130304e+02
3.900000e-07	-6.675436e-09	-2.288906e-09	-3.626764e+01	-8.168471e+02
4.000000e-07	-6.655360e-09	-2.247003e-09	-3.615866e+01	-8.022200e+02
4.100000e-07	-6.634925e-09	-2.251252e-09	-3.604771e+01	-8.040246e+02
4.200000e-07	-6.614067e-09	-2.285811e-09	-3.593451e+01	-8.161248e+02
4.300000e-07	-6.592724e-09	-2.264175e-09	-3.581865e+01	-8.085098e+02
4.400000e-07	-6.570913e-09	-2.240893e-09	-3.570023e+01	-8.004059e+02
4.500000e-07	-6.548658e-09	-2.262874e-09	-3.557936e+01	-8.079334e+02
4.600000e-07	-6.525929e-09	-2.259100e-09	-3.545589e+01	-8.064668e+02
4.700000e-07	-6.502722e-09	-2.231898e-09	-3.532978e+01	-7.971192e+02
4.800000e-07	-6.479126e-09	-2.243966e-09	-3.520166e+01	-8.014269e+02
4.900000e-07	-6.455221e-09	-2.254810e-09	-3.507195e+01	-8.050979e+02
5.000000e-07	-6.430976e-09	-2.230848e-09	-3.494033e+01	-7.967410e+02
5.100000e-07	-6.406256e-09	-2.227261e-09	-3.480601e+01	-7.955769e+02
5.200000e-07	-6.380918e-09	-2.241097e-09	-3.466823e+01	-8.003318e+02
5.300000e-07	-6.354843e-09	-2.226523e-09	-3.452642e+01	-7.951137e+02
5.400000e-07	-6.328025e-09	-2.213103e-09	-3.438065e+01	-7.904556e+02
5.500000e-07	-6.300641e-09	-2.222713e-09	-3.423200e+01	-7.938740e+02
5.600000e-07	-6.272880e-09	-2.219118e-09	-3.408140e+01	-7.926233e+02
5.700000e-07	-6.244825e-09	-2.206079e-09	-3.392918e+01	-7.880733e+02
5.800000e-07	-6.216457e-09	-2.207900e-09	-3.377519e+01	-7.887426e+02
5.900000e-07	-6.187701e-09	-2.206491e-09	-3.361907e+01	-7.881984e+02
6.000000e-07	-6.158496e-09	-2.195549e-09	-3.346058e+01	-7.842647e+02
6.100000e-07	-6.128868e-09	-2.192325e-09	-3.329975e+01	-7.831178e+02
6.200000e-07	-6.098854e-09	-2.189940e-09	-3.313678e+01	-7.823038e+02
6.300000e-07	-6.068439e-09	-2.182461e-09	-3.297162e+01	-7.796526e+02
6.400000e-07	-6.037595e-09	-2.180065e-09	-3.280409e+01	-7.788742e+02
6.500000e-07	-6.006318e-09	-2.178120e-09	-3.263430e+01	-7.782427e+02
6.600000e-07	-5.974679e-09	-2.170105e-09	-3.246262e+01	-7.753080e+02
6.700000e-07	-5.942762e-09	-2.164480e-09	-3.228944e+01	-7.732732e+02
6.800000e-07	-5.910545e-09	-2.161174e-09	-3.211461e+01	-7.721886e+02
6.900000e-07	-5.877911e-09	-2.155052e-09	-3.193746e+01	-7.699778e+02
7.000000e-07	-5.844702e-09	-2.149560e-09	-3.175702e+01	-7.679576e+02
7.100000e-07	-5.810837e-09	-2.145121e-09	-3.157278e+01	-7.664457e+02
7.200000e-07	-5.776332e-09	-2.139207e-09	-3.138501e+01	-7.643639e+02
7.300000e-07	-5.741290e-09	-2.134951e-09	-3.119452e+01	-7.628220e+02
7.400000e-07	-5.705839e-09	-2.131823e-09	-3.100199e+01	-7.617727e+02
7.500000e-07	-5.670066e-09	-2.125643e-09	-3.080788e+01	-7.596072e+02
7.600000e-07	-5.634037e-09	-2.118472e-09	-3.061236e+01	-7.570059e+02
7.700000e-07	-5.597710e-09	-2.113004e-09	-3.041514e+01	-7.550879e+02
7.800000e-07	-5.560989e-09	-2.107443e-09	-3.021573e+01	-7.531563e+02
7.900000e-07	-5.523827e-09	-2.101311e-09	-3.001387e+01	-7.509408e+02
8.000000e-07	-5.486254e-09	-2.095957e-09	-2.980985e+01	-7.490208e+02
8.100000e-07	-5.448320e-09	-2.091311e-09	-2.960382e+01	-7.473757e+02
8.200000e-07	-5.410002e-09	-2.086333e-09	-2.939562e+01	-7.455915e+02
8.300000e-07	-5.371236e-09	-2.080800e-09	-2.918502e+01	-7.436695e+02
8.400000e-07	-5.332033e-09	-2.075049e-09	-2.897208e+01	-7.416868e+02
8.500000e-07	-5.292510e-09	-2.068277e-09	-2.875743e+01	-7.392914e+02
8.600000e-07	-5.252769e-09	-2.060615e-09	-2.854169e+01	-7.365659e+02
8.700000e-07	-5.212819e-09	-2.053828e-09	-2.832487e+01	-7.341359e+02
8.800000e-07	-5.172602e-09	-2.048360e-09	-2.810644e+01	-7.321526e+02
8.900000e-07	-5.132054e-09	-2.042592e-09	-2.788604e+01	-7.300958e+02
9.000000e-07	-5.091108e-09	-2.036391e-09	-2.766337e+01	-7.279044e+02
9.100000e-07	-5.049648e-09	-2.030291e-09	-2.743787e+01	-7.257625e+02
9.200000e-07	-5.007557e-09	-2.023661e-09	-2.720888e+01	-7.234433e+02
9.300000e-07	-4.964844e-09	-2.016359e-09	-2.697661e+01	-7.208858e+02
9.400000e-07	-4.921633e-09	-2.009307e-09	-2.674186e+01	-7.184088e+02
9.500000e-07	-4.878071e-09	-2.002243e-09	-2.650530e+01	-7.159053e+02
9.600000e-07	-4.834268e-09	-1.994971e-09	-2.626752e+01	-7.132946e+02
9.700000e-07	-4.790241e-09	-1.988019e-09	-2.602854e+01	-7.107926e+02
9.800000e-07	-4.745949e-09	-1.981611e-09	-2.578800e+01	-7.085111e+02
9.900000e-07	-4.701349e-09	-1.974969e-09	-2.554571e+01	-7.061910e+02
1.000000e-06	-4.656436e-09	-1.967526e-09	-2.530165e+01	-7.036009e+02
1.010000e-06	-4.611214e-09	-1.959587e-09	-2.505597e+01	-7.008127e+02
1.020000e-06	-4.565693e-09	-1.951443e-09	-2.480875e+01	-6.979181e+02
1.030000e-06	-4.519861e-09	-1.943449e-09	-2.455981e+01	-6.950589e+02
1.040000e-06	-4.473720e-09	-1.936050e-09	-2.430912e+01	-6.924208e+02
1.050000e-06	-4.427258e-09	-1.928628e-09	-2.405669e+01	-6.897775e+02
1.060000e-06	-4.380465e-09	-1.920569e-09	-2.380247e+01	-6.869168e+02
1.070000e-06	-4.333345e-09	-1.912314e-09	-2.354650e+01	-6.839764e+02
1.080000e-06	-4.285930e-09	-1.904169e-09	-2.328903e+01	-6.810847e+02
1.090000e-06	-4.238258e-09	-1.895898e-09	-2.303028e+01	-6.781644e+02
1.100000e-06	-4.190359e-09	-1.887379e-09	-2.277034e+01	-6.751511e+02
1.110000e-06	-4.142250e-09	-1.878859e-09	-2.250918e+01	-6.721469e+02
1.120000e-06	-4.093900e-09	-1.870306e-09	-2.224652e+01	-6.691052e+02
1.130000e-06	-4.045248e-09	-1.861882e-09	-2.198206e+01	-6.660864e+02
1.140000e-06	-3.996222e-09	-1.853412e-09	-2.171558e+01	-6.630781e+02
1.150000e-06	-3.946793e-09	-1.844689e-09	-2.144683e+01	-6.599788e+02
1.160000e-06	-3.896923e-09	-1.835638e-09	-2.117561e+01	-6.567621e+02
1.170000e-06	-3.846592e-09	-1.826367e-09	-2.090194e+01	-6.534678e+02
1.180000e-06	-3.795832e-09	-1.817139e-09	-2.062606e+01	-6.501761e+02
1.190000e-06	-3.744705e-09	-1.808278e-09	-2.034827e+01	-6.470335e+02
1.200000e-06	-3.693250e-09	-1.799639e-09	-2.006878e+01	-6.439955e+02
1.210000e-06	-3.641488e-09	-1.790712e-09	-1.978769e+01	-6.408367e+02
1.220000e-06	-3.589452e-09	-1.781269e-09	-1.950508e+01	-6.374753e+02
1.230000e-06	-3.537152e-09	-1.771692e-09	-1.922105e+01	-6.340582e+02
1.240000e-06	-3.484605e-09	-1.762000e-09	-1.893568e+01	-6.306113e+02
1.250000e-06	-3.431826e-09	-1.752165e-09	-1.864899e+01	-6.271277e+02
1.260000e-06	-3.378816e-09	-1.742420e-09	-1.836104e+01	-6.236691e+02
1.270000e-06	-3.325563e-09	-1.732796e-09	-1.807180e+01	-6.202335e+02
1.280000e-06	-3.272066e-09	-1.723322e-09	-1.778130e+01	-6.168583e+02
1.290000e-06	-3.218340e-09	-1.713664e-09	-1.748970e+01	-6.134575e+02
1.300000e-06	-3.164411e-09	-1.703586e-09	-1.719696e+01	-6.099147e+02
1.310000e-06	-3.110291e-09	-1.693322e-09	-1.690309e+01	-6.062940e+02
1.320000e-06	-3.055960e-09	-1.682859e-09	-1.660802e+01	-6.025793e+02
1.330000e-06	-3.001410e-09	-1.672194e-09	-1.631173e+01	-5.987884e+02
1.340000e-06	-2.946648e-09	-1.661868e-09	-1.601428e+01	-5.951498e+02
1.350000e-06	-2.891643e-09	-1.651797e-09	-1.571561e+01	-5.916118e+02
1.360000e-06	-2.836398e-09	-1.641534e-09	-1.541567e+01	-5.879463e+02
1.370000e-06	-2.780963e-09	-1.631254e-09	-1.511477e+01	-5.842518e+02
1.380000e-06	-2.725363e-09	-1.620721e-09	-1.481308e+01	-5.805105e+02
1.390000e-06	-2.669628e-09	-1.609726e-09	-1.451070e+01	-5.766370e+02
1.400000e-06	-2.613786e-09	-1.598875e-09	-1.420777e+01	-5.728078e+02
1.410000e-06	-2.557852e-09	-1.588358e-09	-1.390434e+01	-5.690604e+02
1.420000e-06	-2.501832e-09	-1.577739e-09	-1.360039e+01	-5.652599e+02
1.430000e-06	-2.445711e-09	-1.566812e-09	-1.329578e+01	-5.613568e+02
1.440000e-06	-2.389467e-09	-1.555854e-09	-1.299041e+01	-5.574647e+02
1.450000e-06	-2.333090e-09	-1.544606e-09	-1.268427e+01	-5.534942e+02
1.460000e-06	-2.276559e-09	-1.532788e-09	-1.237718e+01	-5.492979e+02
1.470000e-06	-2.219836e-09	-1.520768e-09	-1.206881e+01	-5.449922e+02
1.480000e-06	-2.162899e-09	-1.508949e-09	-1.175911e+01	-5.407646e+02
1.490000e-06	-2.105729e-09	-1.497469e-09	-1.144804e+01	-5.366881e+02
1.500000e-06	-2.048294e-09	-1.486344e-09	-1.113554e+01	-5.327432e+02
1.510000e-06	-1.990582e-09	-1.475154e-09	-1.082163e+01	-5.287540e+02
1.520000e-06	-1.932629e-09	-1.463493e-09	-1.050636e+01	-5.245990e+02
1.530000e-06	-1.874467e-09	-1.451300e-09	-1.018990e+01	-5.202637e+02
1.540000e-06	-1.816113e-09	-1.438705e-09	-9.872515e+00	-5.157908e+02
1.550000e-06	-1.757577e-09	-1.426094e-09	-9.554204e+00	-5.112989e+02
1.560000e-06	-1.698872e-09	-1.413409e-09	-9.234960e+00	-5.067503e+02
1.570000e-06	-1.640013e-09	-1.400563e-09	-8.914965e+00	-5.021471e+02
1.580000e-06	-1.580973e-09	-1.388055e-09	-8.594126e+00	-4.976820e+02
1.590000e-06	-1.521771e-09	-1.375768e-09	-8.272550e+00	-4.933094e+02
1.600000e-06	-1.462442e-09	-1.363287e-09	-7.950385e+00	-4.888621e+02
1.610000e-06	-1.402986e-09	-1.350521e-09	-7.627568e+00	-4.842920e+02
1.620000e-06	-1.343440e-09	-1.337145e-09	-7.304304e+00	-4.794945e+02
1.630000e-06	-1.283811e-09	-1.323222e-09	-6.980620e+00	-4.745104e+02
1.640000e-06	-1.224101e-09	-1.309315e-09	-6.656532e+00	-4.695433e+02
1.650000e-06	-1.164335e-09	-1.295770e-09	-6.332190e+00	-4.647018e+02
1.660000e-06	-1.104525e-09	-1.282383e-09	-6.007610e+00	-4.599117e+02
1.670000e-06	-1.044670e-09	-1.268931e-09	-5.682798e+00	-4.550929e+02
1.680000e-06	-9.847817e-10	-1.255371e-09	-5.357822e+00	-4.502496e+02
1.690000e-06	-9.248619e-10	-1.241289e-09	-5.032673e+00	-4.452331e+02
1.700000e-06	-8.649112e-10	-1.226441e-09	-4.707353e+00	-4.399431e+02
1.710000e-06	-8.049278e-10	-1.211386e-09	-4.381826e+00	-4.345550e+02
1.720000e-06	-7.449206e-10	-1.196362e-09	-4.056131e+00	-4.291524e+02
1.730000e-06	-6.848775e-10	-1.181149e-09	-3.730244e+00	-4.236936e+02
1.740000e-06	-6.247940e-10	-1.166182e-09	-3.404154e+00	-4.183346e+02
1.750000e-06	-5.646881e-10	-1.151483e-09	-3.077904e+00	-4.130721e+02
1.760000e-06	-5.045490e-10	-1.136396e-09	-2.751438e+00	-4.076692e+02
1.770000e-06	-4.443810e-10	-1.120806e-09	-2.424788e+00	-4.020770e+02
1.780000e-06	-3.841897e-10	-1.104732e-09	-2.097976e+00	-3.963097e+02
1.790000e-06	-3.239647e-10	-1.088292e-09	-1.770987e+00	-3.904205e+02
1.800000e-06	-2.637267e-10	-1.071691e-09	-1.443949e+00	-3.844783e+02
1.810000e-06	-2.034893e-10	-1.054840e-09	-1.116939e+00	-3.784475e+02
1.820000e-06	-1.432429e-10	-1.037937e-09	-7.898840e-01	-3.723994e+02
1.830000e-06	-8.300606e-11	-1.021258e-09	-4.628944e-01	-3.664322e+02
1.840000e-06	-2.277020e-11	-1.004627e-09	-1.359318e-01	-3.604826e+02
1.850000e-06	3.746427e-11	-9.878307e-10	1.910267e-01	-3.544873e+02
1.860000e-06	9.769511e-11	-9.706368e-10	5.179676e-01	-3.483518e+02
1.870000e-06	1.579290e-10	-9.529289e-10	8.449799e-01	-3.420100e+02
1.880000e-06	2.181515e-10	-9.349056e-10	1.171930e+00	-3.355426e+02
1.890000e-06	2.783651e-10	-9.167339e-10	1.498779e+00	-3.290257e+02
1.900000e-06	3.385745e-10	-8.984322e-10	1.825638e+00	-3.224833e+02
1.910000e-06	3.987812e-10	-8.799827e-10	2.152462e+00	-3.159139e+02
1.920000e-06	4.589625e-10	-8.613568e-10	2.479139e+00	-3.092835e+02
1.930000e-06	5.191166e-10	-8.426866e-10	2.805705e+00	-3.026205e+02
1.940000e-06	5.792528e-10	-8.239641e-10	3.132112e+00	-2.959398e+02
1.950000e-06	6.393530e-10	-8.049774e-10	3.458258e+00	-2.891635e+02
1.960000e-06	6.994110e-10	-7.855862e-10	3.784173e+00	-2.822258e+02
1.970000e-06	7.594253e-10	-7.658778e-10	4.109871e+00	-2.751726e+02
1.980000e-06	8.193992e-10	-7.461550e-10	4.435363e+00	-2.681174e+02
1.990000e-06	8.793372e-10	-7.262922e-10	4.760682e+00	-2.610211e+02
2.000000e-06	9.392487e-10	-7.060065e-10	5.085827e+00	-2.538052e+02
2.010000e-06	9.991277e-10	-6.855213e-10	5.410771e+00	-2.465331e+02
2.020000e-06	1.058960e-09	-6.650630e-10	5.735484e+00	-2.392334e+02
2.030000e-06	1.118750e-09	-6.446612e-10	6.059928e+00	-2.319008e+02
2.040000e-06	1.178509e-09	-6.241407e-10	6.384165e+00	-2.245074e+02
2.050000e-06	1.238204e-09	-6.031279e-10	6.708142e+00	-2.169563e+02
2.060000e-06	1.297823e-09	-5.815487e-10	7.031795e+00	-2.092269e+02
2.070000e-06	1.357366e-09	-5.595343e-10	7.355089e+00	-2.013565e+02
2.080000e-06	1.416826e-09	-5.372412e-10	7.677947e+00	-1.933614e+02
2.090000e-06	1.476186e-09	-5.148074e-10	8.000323e+00	-1.852885e+02
2.100000e-06	1.535422e-09	-4.922250e-10	8.322074e+00	-1.771758e+02
2.110000e-06	1.594523e-09	-4.694975e-10	8.643161e+00	-1.690096e+02
2.120000e-06	1.653467e-09	-4.466875e-10	8.963574e+00	-1.607924e+02
2.130000e-06	1.712255e-09	-4.236115e-10	9.283191e+00	-1.524821e+02
2.140000e-06	1.770880e-09	-4.002097e-10	9.601850e+00	-1.440719e+02
2.150000e-06	1.829296e-09	-3.763068e-10	9.919460e+00	-1.354944e+02
2.160000e-06	1.887520e-09	-3.516324e-10	1.023619e+01	-1.266475e+02
2.170000e-06	1.945539e-09	-3.264889e-10	1.055199e+01	-1.175957e+02
2.180000e-06	2.003322e-09	-3.011879e-10	1.086653e+01	-1.084352e+02
2.190000e-06	2.060883e-09	-2.759081e-10	1.117982e+01	-9.927695e+01
2.200000e-06	2.118199e-09	-2.504787e-10	1.149184e+01	-9.008514e+01
2.210000e-06	2.175282e-09	-2.243312e-10	1.180251e+01	-8.067530e+01
2.220000e-06	2.232132e-09	-1.974677e-10	1.211179e+01	-7.102027e+01
2.230000e-06	2.288757e-09	-1.701407e-10	1.241971e+01	-6.116605e+01
2.240000e-06	2.345185e-09	-1.423074e-10	1.272645e+01	-5.110920e+01
2.250000e-06	2.401452e-09	-1.139020e-10	1.303220e+01	-4.085889e+01
2.260000e-06	2.457578e-09	-8.496582e-11	1.333705e+01	-3.043816e+01
2.270000e-06	2.513577e-09	-5.577141e-11	1.364111e+01	-1.992355e+01
2.280000e-06	2.569484e-09	-2.644974e-11	1.394460e+01	-9.363579e+00
2.290000e-06	2.625284e-09	2.976500e-12	1.424748e+01	1.230245e+00
2.300000e-06	2.680958e-09	3.279698e-11	1.454972e+01	1.195817e+01
2.310000e-06	2.736496e-09	6.331371e-11	1.485129e+01	2.292840e+01
2.320000e-06	2.791879e-09	9.424533e-11	1.515205e+01	3.403494e+01
2.330000e-06	2.847086e-09	1.253172e-10	1.545199e+01	4.517885e+01
2.340000e-06	2.902087e-09	1.564399e-10	1.575089e+01	5.635976e+01
2.350000e-06	2.956879e-09	1.877827e-10	1.604859e+01	6.762624e+01
2.360000e-06	3.011471e-09	2.195100e-10	1.634513e+01	7.901609e+01
2.370000e-06	3.065847e-09	2.512702e-10	1.664047e+01	9.041231e+01
2.380000e-06	3.120016e-09	2.829578e-10	1.693470e+01	1.017988e+02
2.390000e-06	3.173984e-09	3.149879e-10	1.722779e+01	1.133307e+02
2.400000e-06	3.227748e-09	3.474440e-10	1.751975e+01	1.249958e+02
2.410000e-06	3.281288e-09	3.801922e-10	1.781053e+01	1.367357e+02
2.420000e-06	3.334588e-09	4.130451e-10	1.810010e+01	1.485016e+02
2.430000e-06	3.387637e-09	4.456308e-10	1.838836e+01	1.601739e+02
2.440000e-06	3.440420e-09	4.781449e-10	1.867521e+01	1.718576e+02
2.450000e-06	3.492967e-09	5.110436e-10	1.896075e+01	1.837043e+02
2.460000e-06	3.545285e-09	5.441136e-10	1.924500e+01	1.956022e+02
2.470000e-06	3.597330e-09	5.770207e-10	1.952781e+01	2.074259e+02
2.480000e-06	3.649082e-09	6.096317e-10	1.980908e+01	2.191196e+02
2.490000e-06	3.700537e-09	6.420416e-10	2.008878e+01	2.307342e+02
2.500000e-06	3.751662e-09	6.744641e-10	2.036678e+01	2.423471e+02
2.510000e-06	3.802391e-09	7.069243e-10	2.064278e+01	2.539511e+02
2.520000e-06	3.852681e-09	7.393555e-10	2.091660e+01	2.655504e+02
2.530000e-06	3.902528e-09	7.717300e-10	2.118808e+01	2.771510e+02
2.540000e-06	3.951928e-09	8.040177e-10	2.145697e+01	2.887445e+02
2.550000e-06	4.000919e-09	8.360788e-10	2.172355e+01	3.002736e+02
2.560000e-06	4.049574e-09	8.677418e-10	2.198816e+01	3.116222e+02
2.570000e-06	4.097933e-09	8.989072e-10	2.225097e+01	3.227453e+02
2.580000e-06	4.146026e-09	9.296980e-10	2.251224e+01	3.337189e+02
2.590000e-06	4.193915e-09	9.605099e-10	2.277235e+01	3.447022e+02
2.600000e-06	4.241608e-09	9.914418e-10	2.303142e+01	3.557586e+02
2.610000e-06	4.289063e-09	1.022217e-09	2.328925e+01	3.667779e+02
2.620000e-06	4.336229e-09	1.052489e-09	2.354559e+01	3.776038e+02
2.630000e-06	4.383065e-09	1.082452e-09	2.380025e+01	3.883300e+02
2.640000e-06	4.429565e-09	1.112166e-09	2.405312e+01	3.989780e+02
2.650000e-06	4.475748e-09	1.141107e-09	2.430419e+01	4.093310e+02
2.660000e-06	4.521638e-09	1.169354e-09	2.455357e+01	4.194162e+02
2.670000e-06	4.567228e-09	1.197354e-09	2.480132e+01	4.293917e+02
2.680000e-06	4.612518e-09	1.224944e-09	2.504747e+01	4.392250e+02
2.690000e-06	4.657503e-09	1.251919e-09	2.529195e+01	4.488759e+02
2.700000e-06	4.702179e-09	1.278490e-09	2.553477e+01	4.584154e+02
2.710000e-06	4.746569e-09	1.304779e-09	2.577594e+01	4.678583e+02
2.720000e-06	4.790729e-09	1.330819e-09	2.601575e+01	4.771837e+02
2.730000e-06	4.834694e-09	1.356517e-09	2.625438e+01	4.863676e+02
2.740000e-06	4.878439e-09	1.381647e-09	2.649180e+01	4.953504e+02
2.750000e-06	4.921904e-09	1.405890e-09	2.672790e+01	5.040165e+02
2.760000e-06	4.964999e-09	1.429236e-09	2.696218e+01	5.123598e+02
2.770000e-06	5.007589e-09	1.452010e-09	2.719387e+01	5.204715e+02
2.780000e-06	5.049568e-09	1.474369e-09	2.742248e+01	5.284255e+02
2.790000e-06	5.090930e-09	1.496501e-09	2.764782e+01	5.363235e+02
2.800000e-06	5.131738e-09	1.518613e-09	2.787001e+01	5.442185e+02
2.810000e-06	5.172136e-09	1.540514e-09	2.808967e+01	5.520262e+02
2.820000e-06	5.212254e-09	1.562010e-09	2.830759e+01	5.596831e+02
2.830000e-06	5.252152e-09	1.583077e-09	2.852424e+01	5.671869e+02
2.840000e-06	5.291820e-09	1.603524e-09	2.873966e+01	5.744552e+02
2.850000e-06	5.331190e-09	1.623169e-09	2.895359e+01	5.814218e+02
2.860000e-06	5.370221e-09	1.642408e-09	2.916573e+01	5.882446e+02
2.870000e-06	5.408864e-09	1.661583e-09	2.937580e+01	5.950462e+02
2.880000e-06	5.447096e-09	1.680718e-09	2.958368e+01	6.018508e+02
2.890000e-06	5.484937e-09	1.699836e-09	2.978937e+01	6.086801e+02
2.900000e-06	5.522388e-09	1.718548e-09	2.999291e+01	6.153682e+02
2.910000e-06	5.559439e-09	1.736455e-09	3.019434e+01	6.217489e+02
2.920000e-06	5.596096e-09	1.753946e-09	3.039365e+01	6.279544e+02
2.930000e-06	5.632423e-09	1.771399e-09	3.059106e+01	6.341341e+02
2.940000e-06	5.668475e-09	1.788492e-09	3.078687e+01	6.401971e+02
2.950000e-06	5.704284e-09	1.805024e-09	3.098134e+01	6.460637e+02
2.960000e-06	5.739819e-09	1.821027e-09	3.117441e+01	6.517628e+02
2.970000e-06	5.774953e-09	1.836588e-09	3.136558e+01	6.573256e+02
2.980000e-06	5.809547e-09	1.851967e-09	3.155406e+01	6.628202e+02
2.990000e-06	5.843487e-09	1.867089e-09	3.173903e+01	6.682172e+02
3.000000e-06	5.876748e-09	1.881665e-09	3.192020e+01	6.734022e+02
3.010000e-06	5.909434e-09	1.895714e-09	3.209808e+01	6.784041e+02
3.020000e-06	5.941706e-09	1.909303e-09	3.227350e+01	6.832420e+02
3.030000e-06	5.973669e-09	1.922628e-09	3.244711e+01	6.879589e+02
3.040000e-06	6.005353e-09	1.935810e-09	3.261925e+01	6.926268e+02
3.050000e-06	6.036706e-09	1.948418e-09	3.278969e+01	6.971125e+02
3.060000e-06	6.067630e-09	1.960431e-09	3.295787e+01	7.014134e+02
3.070000e-06	6.098106e-09	1.972362e-09	3.312365e+01	7.056921e+02
3.080000e-06	6.128158e-09	1.984235e-09	3.328708e+01	7.099221e+02
3.090000e-06	6.157793e-09	1.995843e-09	3.344820e+01	7.140426e+02
3.100000e-06	6.187017e-09	2.007088e-09	3.360704e+01	7.180174e+02
3.110000e-06	6.215843e-09	2.017898e-09	3.376367e+01	7.218271e+02
3.120000e-06	6.244296e-09	2.028413e-09	3.391831e+01	7.255508e+02
3.130000e-06	6.272433e-09	2.038880e-09	3.407121e+01	7.292698e+02
3.140000e-06	6.300308e-09	2.049236e-09	3.422264e+01	7.329448e+02
3.150000e-06	6.327887e-09	2.059159e-09	3.437259e+01	7.364657e+02
3.160000e-06	6.355014e-09	2.068531e-09	3.452026e+01	7.398068e+02
3.170000e-06	6.381495e-09	2.077620e-09	3.466455e+01	7.430515e+02
3.180000e-06	6.407216e-09	2.086772e-09	3.480469e+01	7.462941e+02
3.190000e-06	6.432211e-09	2.095987e-09	3.494081e+01	7.495347e+02
3.200000e-06	6.456643e-09	2.105002e-09	3.507370e+01	7.526853e+02
3.210000e-06	6.480655e-09	2.113619e-09	3.520420e+01	7.557083e+02
3.220000e-06	6.504286e-09	2.121998e-09	3.533268e+01	7.586885e+02
3.230000e-06	6.527510e-09	2.130409e-09	3.545897e+01	7.617103e+02
3.240000e-06	6.550275e-09	2.138879e-09	3.558271e+01	7.647450e+02
3.250000e-06	6.572585e-09	2.147089e-09	3.570394e+01	7.676552e+02
3.260000e-06	6.594484e-09	2.154861e-09	3.582294e+01	7.704042e+02
3.270000e-06	6.615944e-09	2.162589e-09	3.593958e+01	7.731373e+02
3.280000e-06	6.636930e-09	2.170330e-09	3.605369e+01	7.758634e+02
3.290000e-06	6.657474e-09	2.177743e-09	3.616533e+01	7.784736e+02
3.300000e-06	6.677656e-09	2.184843e-09	3.627495e+01	7.809865e+02
3.310000e-06	6.697548e-09	2.191694e-09	3.638300e+01	7.834207e+02
3.320000e-06	6.717120e-09	2.198356e-09	3.648939e+01	7.857949e+02
3.330000e-06	6.736266e-09	2.205162e-09	3.659346e+01	7.882319e+02
3.340000e-06	6.754865e-09	2.212103e-09	3.669455e+01	7.906815e+02
3.350000e-06	6.772906e-09	2.218679e-09	3.679262e+01	7.929665e+02
3.360000e-06	6.790477e-09	2.224657e-09	3.688810e+01	7.950715e+02
3.370000e-06	6.807656e-09	2.230386e-09	3.698142e+01	7.971095e+02
3.380000e-06	6.824455e-09	2.236218e-09	3.707268e+01	7.991842e+02
3.390000e-06	6.840800e-09	2.242000e-09	3.716153e+01	8.012441e+02
3.400000e-06	6.856549e-09	2.247325e-09	3.724714e+01	8.031327e+02
3.410000e-06	6.871645e-09	2.252262e-09	3.732914e+01	8.048810e+02
3.420000e-06	6.886144e-09	2.257279e-09	3.740787e+01	8.066658e+02
3.430000e-06	6.900117e-09	2.262390e-09	3.748379e+01	8.084826e+02
3.440000e-06	6.913579e-09	2.267312e-09	3.755696e+01	8.102143e+02
3.450000e-06	6.926507e-09	2.271872e-09	3.762726e+01	8.117984e+02
3.460000e-06	6.938936e-09	2.276096e-09	3.769487e+01	8.132567e+02
3.470000e-06	6.950898e-09	2.280030e-09	3.775998e+01	8.146421e+02
3.480000e-06	6.962363e-09	2.284010e-09	3.782243e+01	8.160843e+02
3.490000e-06	6.973232e-09	2.288271e-09	3.788166e+01	8.176164e+02
3.500000e-06	6.983358e-09	2.292192e-09	3.793691e+01	8.190036e+02
3.510000e-06	6.992679e-09	2.295545e-09	3.798774e+01	8.201731e+02
3.520000e-06	7.001336e-09	2.298476e-09	3.803486e+01	8.211901e+02
3.530000e-06	7.009536e-09	2.301284e-09	3.807950e+01	8.221683e+02
3.540000e-06	7.017400e-09	2.304369e-09	3.812237e+01	8.232337e+02
3.550000e-06	7.024922e-09	2.307477e-09	3.816341e+01	8.243196e+02
3.560000e-06	7.032002e-09	2.310134e-09	3.820200e+01	8.252813e+02
3.570000e-06	7.038562e-09	2.312230e-09	3.823773e+01	8.260589e+02
3.580000e-06	7.044616e-09	2.314217e-09	3.827076e+01	8.267827e+02
3.590000e-06	7.050170e-09	2.316121e-09	3.830106e+01	8.274269e+02
3.600000e-06	7.055202e-09	2.317665e-09	3.832851e+01	8.279149e+02
3.610000e-06	7.059757e-09	2.319103e-09	3.835340e+01	8.283916e+02
3.620000e-06	7.063936e-09	2.320491e-09	3.837622e+01	8.289027e+02
3.630000e-06	7.067807e-09	2.322031e-09	3.839737e+01	8.295081e+02
3.640000e-06	7.071321e-09	2.323780e-09	3.841658e+01	8.301580e+02
3.650000e-06	7.074315e-09	2.325089e-09	3.843287e+01	8.306177e+02
3.660000e-06	7.076610e-09	2.325896e-09	3.844527e+01	8.308839e+02
3.670000e-06	7.078130e-09	2.326554e-09	3.845351e+01	8.310731e+02
3.680000e-06	7.078952e-09	2.326815e-09	3.845802e+01	8.311223e+02
3.690000e-06	7.079259e-09	2.326890e-09	3.845980e+01	8.310975e+02
3.700000e-06	7.079205e-09	2.327076e-09	3.845969e+01	8.311493e+02
3.710000e-06	7.078809e-09	2.327020e-09	3.845768e+01	8.311880e+02
3.720000e-06	7.077972e-09	2.327261e-09	3.845320e+01	8.313420e+02
3.730000e-06	7.076636e-09	2.328147e-09	3.844602e+01	8.316918e+02
3.740000e-06	7.074839e-09	2.328434e-09	3.843643e+01	8.317707e+02
3.750000e-06	7.072622e-09	2.327181e-09	3.842458e+01	8.312291e+02
3.760000e-06	7.069960e-09	2.324414e-09	3.841027e+01	8.300742e+02
3.770000e-06	7.066827e-09	2.322567e-09	3.839339e+01	8.293897e+02
3.780000e-06	7.063229e-09	2.325549e-09	3.837398e+01	8.309391e+02
3.790000e-06	7.059093e-09	2.336647e-09	3.835175e+01	8.353857e+02
3.800000e-06	7.054240e-09	2.346762e-09	3.832557e+01	8.383418e+02
3.810000e-06	7.048608e-09	2.323234e-09	3.829472e+01	8.289945e+02
3.820000e-06	7.042461e-09	2.289469e-09	3.826098e+01	8.173815e+02
3.830000e-06	7.036082e-09	2.314916e-09	3.822627e+01	8.274579e+02
3.840000e-06	7.029310e-09	2.360289e-09	3.818961e+01	8.435149e+02
3.850000e-06	7.021899e-09	2.336688e-09	3.814950e+01	8.341284e+02
3.860000e-06	7.013976e-09	2.293040e-09	3.810665e+01	8.189783e+02
3.870000e-06	7.005740e-09	2.322894e-09	3.806218e+01	8.307992e+02
3.880000e-06	6.997107e-09	2.368046e-09	3.801563e+01	8.463535e+02
3.890000e-06	6.987884e-09	2.333863e-09	3.796577e+01	8.332709e+02
3.900000e-06	6.978120e-09	2.286203e-09	3.791285e+01	8.171186e+02
3.910000e-06	6.967984e-09	2.321474e-09	3.785797e+01	8.305244e+02
3.920000e-06	6.957418e-09	2.366629e-09	3.780088e+01	8.455893e+02
3.930000e-06	6.946277e-09	2.322696e-09	3.774054e+01	8.288888e+02
3.940000e-06	6.934573e-09	2.275597e-09	3.767704e+01	8.127692e+02
3.950000e-06	6.922347e-09	2.322453e-09	3.761077e+01	8.303319e+02
3.960000e-06	6.909463e-09	2.363363e-09	3.754084e+01	8.443076e+02
3.970000e-06	6.895766e-09	2.313211e-09	3.746623e+01	8.257244e+02
3.980000e-06	6.881318e-09	2.275943e-09	3.738756e+01	8.126134e+02
3.990000e-06	6.866272e-09	2.313738e-09	3.730584e+01	8.261460e+02
4.000000e-06	6.850723e-09	2.325091e-09	3.722146e+01	8.304295e+02
4.010000e-06	6.834758e-09	2.293805e-09	3.713496e+01	8.202347e+02
4.020000e-06	6.818423e-09	2.321294e-09	3.704656e+01	8.303512e+02
4.030000e-06	6.801652e-09	2.362314e-09	3.695574e+01	8.440918e+02
4.040000e-06	6.784379e-09	2.314489e-09	3.686205e+01	8.266185e+02
4.050000e-06	6.766648e-09	2.266167e-09	3.676586e+01	8.099423e+02
4.060000e-06	6.748509e-09	2.305002e-09	3.666749e+01	8.239693e+02
4.070000e-06	6.729911e-09	2.330158e-09	3.656661e+01	8.331128e+02
4.080000e-06	6.710838e-09	2.303247e-09	3.646312e+01	8.244747e+02
4.090000e-06	6.691335e-09	2.325004e-09	3.635737e+01	8.323859e+02
4.100000e-06	6.671467e-09	2.363319e-09	3.624974e+01	8.450609e+02
4.110000e-06	6.651277e-09	2.317552e-09	3.614028e+01	8.285140e+02
4.120000e-06	6.630710e-09	2.269780e-09	3.602856e+01	8.117035e+02
4.130000e-06	6.609603e-09	2.296809e-09	3.591373e+01	8.207364e+02
4.140000e-06	6.587770e-09	2.298355e-09	3.579487e+01	8.211864e+02
4.150000e-06	6.565165e-09	2.262314e-09	3.567192e+01	8.092209e+02
4.160000e-06	6.541906e-09	2.287821e-09	3.554566e+01	8.183572e+02
4.170000e-06	6.518185e-09	2.318591e-09	3.541703e+01	8.288421e+02
4.180000e-06	6.494145e-09	2.281329e-09	3.528674e+01	8.159494e+02
4.190000e-06	6.469781e-09	2.269374e-09	3.515467e+01	8.118472e+02
4.200000e-06	6.445001e-09	2.298998e-09	3.502021e+01	8.219365e+02
4.210000e-06	6.419769e-09	2.280965e-09	3.488323e+01	8.156690e+02
4.220000e-06	6.394080e-09	2.257381e-09	3.474380e+01	8.075975e+02
4.230000e-06	6.367929e-09	2.278285e-09	3.460183e+01	8.147646e+02
4.240000e-06	6.341296e-09	2.275477e-09	3.445723e+01	8.136476e+02
4.250000e-06	6.314174e-09	2.249545e-09	3.431001e+01	8.046024e+02
4.260000e-06	6.286626e-09	2.255315e-09	3.416059e+01	8.066377e+02
4.270000e-06	6.258765e-09	2.258923e-09	3.400958e+01	8.078813e+02
4.280000e-06	6.230647e-09	2.241497e-09	3.385715e+01	8.016993e+02
4.290000e-06	6.202198e-09	2.240214e-09	3.370276e+01	8.012627e+02
4.300000e-06	6.173272e-09	2.243280e-09	3.354557e+01	8.024440e+02
4.310000e-06	6.143741e-09	2.232369e-09	3.338487e+01	7.985015e+02
4.320000e-06	6.113519e-09	2.227435e-09	3.322030e+01	7.966200e+02
4.330000e-06	6.082610e-09	2.224083e-09	3.305218e+01	7.954809e+02
4.340000e-06	6.051172e-09	2.213468e-09	3.288151e+01	7.916431e+02
4.350000e-06	6.019353e-09	2.210422e-09	3.270896e+01	7.905357e+02
4.360000e-06	5.987211e-09	2.209267e-09	3.253458e+01	7.904011e+02
4.370000e-06	5.954729e-09	2.201489e-09	3.235821e+01	7.876326e+02
4.380000e-06	5.921827e-09	2.198157e-09	3.217958e+01	7.861859e+02
4.390000e-06	5.888479e-09	2.194037e-09	3.199858e+01	7.848066e+02
4.400000e-06	5.854750e-09	2.183768e-09	3.181548e+01	7.811885e+02
4.410000e-06	5.820669e-09	2.178545e-09	3.163037e+01	7.791452e+02
4.420000e-06	5.786220e-09	2.175057e-09	3.144320e+01	7.780132e+02
4.430000e-06	5.751356e-09	2.166506e-09	3.125379e+01	7.750868e+02
4.440000e-06	5.716075e-09	2.161539e-09	3.106226e+01	7.731889e+02
4.450000e-06	5.680459e-09	2.159597e-09	3.086909e+01	7.725575e+02
4.460000e-06	5.644567e-09	2.153113e-09	3.067452e+01	7.703469e+02
4.470000e-06	5.608422e-09	2.145826e-09	3.047843e+01	7.676136e+02
4.480000e-06	5.571963e-09	2.140345e-09	3.028038e+01	7.656035e+02
4.490000e-06	5.535048e-09	2.133510e-09	3.007954e+01	7.632164e+02
4.500000e-06	5.497542e-09	2.126199e-09	2.987527e+01	7.605968e+02
4.510000e-06	5.459375e-09	2.120006e-09	2.966749e+01	7.584407e+02
4.520000e-06	5.420581e-09	2.114508e-09	2.945648e+01	7.565546e+02
4.530000e-06	5.381291e-09	2.108866e-09	2.924305e+01	7.545125e+02
4.540000e-06	5.341623e-09	2.102037e-09	2.902781e+01	7.520555e+02
4.550000e-06	5.301667e-09	2.095230e-09	2.881111e+01	7.496445e+02
4.560000e-06	5.261455e-09	2.089406e-09	2.859298e+01	7.475527e+02
4.570000e-06	5.220954e-09	2.082546e-09	2.837317e+01	7.451042e+02
4.580000e-06	5.180135e-09	2.075076e-09	2.815156e+01	7.424431e+02
4.590000e-06	5.138980e-09	2.068943e-09	2.792808e+01	7.402564e+02
4.600000e-06	5.097476e-09	2.062920e-09	2.770274e+01	7.381488e+02
4.610000e-06	5.055622e-09	2.055931e-09	2.747555e+01	7.356852e+02
4.620000e-06	5.013431e-09	2.049101e-09	2.724646e+01	7.332369e+02
4.630000e-06	4.970863e-09	2.042626e-09	2.701523e+01	7.308979e+02
4.640000e-06	4.927897e-09	2.035458e-09	2.678180e+01	7.283349e+02
4.650000e-06	4.884577e-09	2.027753e-09	2.654653e+01	7.256245e+02
4.660000e-06	4.840963e-09	2.020399e-09	2.630982e+01	7.230356e+02
4.670000e-06	4.797112e-09	2.012945e-09	2.607195e+01	7.203734e+02
4.680000e-06	4.753041e-09	2.004769e-09	2.583290e+01	7.174183e+02
4.690000e-06	4.708760e-09	1.996938e-09	2.559253e+01	7.145747e+02
4.700000e-06	4.664234e-09	1.989413e-09	2.535059e+01	7.119025e+02
4.710000e-06	4.619381e-09	1.981570e-09	2.510673e+01	7.091740e+02
4.720000e-06	4.574162e-09	1.974059e-09	2.486090e+01	7.065388e+02
4.730000e-06	4.528574e-09	1.966617e-09	2.461316e+01	7.038720e+02
4.740000e-06	4.482644e-09	1.958358e-09	2.436366e+01	7.008990e+02
4.750000e-06	4.436402e-09	1.949950e-09	2.411255e+01	6.978829e+02
4.760000e-06	4.389876e-09	1.941764e-09	2.385993e+01	6.949502e+02
4.770000e-06	4.343108e-09	1.933229e-09	2.360597e+01	6.918985e+02
4.780000e-06	4.296101e-09	1.924750e-09	2.335058e+01	6.888851e+02
4.790000e-06	4.248817e-09	1.916844e-09	2.309355e+01	6.860995e+02
4.800000e-06	4.201191e-09	1.908685e-09	2.283456e+01	6.832455e+02
4.810000e-06	4.153207e-09	1.900113e-09	2.257350e+01	6.802131e+02
4.820000e-06	4.104853e-09	1.891693e-09	2.231026e+01	6.771901e+02
4.830000e-06	4.056127e-09	1.883111e-09	2.204495e+01	6.740941e+02
4.840000e-06	4.007043e-09	1.873759e-09	2.177784e+01	6.707304e+02
4.850000e-06	3.957615e-09	1.864135e-09	2.150904e+01	6.673146e+02
4.860000e-06	3.907880e-09	1.854874e-09	2.123868e+01	6.640425e+02
4.870000e-06	3.857850e-09	1.845705e-09	2.096676e+01	6.607871e+02
4.880000e-06	3.807528e-09	1.836681e-09	2.069320e+01	6.575745e+02
4.890000e-06	3.756905e-09	1.827818e-09	2.041794e+01	6.544247e+02
4.900000e-06	3.705976e-09	1.818896e-09	2.014109e+01	6.512571e+02
4.910000e-06	3.654753e-09	1.809717e-09	1.986267e+01	6.479970e+02
4.920000e-06	3.603248e-09	1.800183e-09	1.958273e+01	6.446149e+02
4.930000e-06	3.551481e-09	1.790475e-09	1.930148e+01	6.411659e+02
4.940000e-06	3.499485e-09	1.780739e-09	1.901897e+01	6.376969e+02
4.950000e-06	3.447252e-09	1.770697e-09	1.873499e+01	6.341198e+02
4.960000e-06	3.394758e-09	1.760591e-09	1.844939e+01	6.305089e+02
4.970000e-06	3.341987e-09	1.750888e-09	1.816208e+01	6.270417e+02
4.980000e-06	3.288901e-09	1.741237e-09	1.787297e+01	6.235999e+02
4.990000e-06	3.235487e-09	1.731195e-09	1.758203e+01	6.200309e+02
5.000000e-06	3.181707e-09	1.720795e-09	1.728900e+01	6.163558e+02
5.010000e-06	3.127550e-09	1.710272e-09	1.699404e+01	6.126292e+02
5.020000e-06	3.073053e-09	1.699698e-09	1.669748e+01	6.088436e+02
5.030000e-06	3.018223e-09	1.688873e-09	1.639928e+01	6.049398e+02
5.040000e-06	2.963091e-09	1.678158e-09	1.609960e+01	6.010855e+02
5.050000e-06	2.907702e-09	1.667688e-09	1.579874e+01	5.973472e+02
5.060000e-06	2.852104e-09	1.657112e-09	1.549689e+01	5.935936e+02
5.070000e-06	2.796327e-09	1.646418e-09	1.519418e+01	5.898055e+02
5.080000e-06	2.740398e-09	1.635814e-09	1.489070e+01	5.860372e+02
5.090000e-06	2.684346e-09	1.625236e-09	1.458652e+01	5.822427e+02
5.100000e-06	2.628188e-09	1.614209e-09	1.428167e+01	5.782801e+02
5.110000e-06	2.571928e-09	1.602780e-09	1.397618e+01	5.741797e+02
5.120000e-06	2.515523e-09	1.591230e-09	1.366986e+01	5.700369e+02
5.130000e-06	2.458969e-09	1.579623e-09	1.336271e+01	5.659073e+02
5.140000e-06	2.402265e-09	1.567948e-09	1.305470e+01	5.617782e+02
5.150000e-06	2.345398e-09	1.556264e-09	1.274570e+01	5.576410e+02
5.160000e-06	2.288379e-09	1.544765e-09	1.243585e+01	5.535636e+02
5.170000e-06	2.231177e-09	1.533157e-09	1.212500e+01	5.494131e+02
5.180000e-06	2.173779e-09	1.521104e-09	1.181308e+01	5.450731e+02
5.190000e-06	2.116218e-09	1.508878e-09	1.150031e+01	5.406527e+02
5.200000e-06	2.058513e-09	1.496426e-09	1.118672e+01	5.361671e+02
5.210000e-06	2.000668e-09	1.483568e-09	1.087237e+01	5.315806e+02
5.220000e-06	1.942680e-09	1.470953e-09	1.055728e+01	5.271017e+02
5.230000e-06	1.884568e-09	1.458618e-09	1.024148e+01	5.227375e+02
5.240000e-06	1.826340e-09	1.445941e-09	9.925050e+00	5.182387e+02
5.250000e-06	1.767993e-09	1.433198e-09	9.608002e+00	5.136833e+02
5.260000e-06	1.709525e-09	1.420382e-09	9.290252e+00	5.090645e+02
5.270000e-06	1.650923e-09	1.406977e-09	8.971771e+00	5.042426e+02
5.280000e-06	1.592210e-09	1.393635e-09	8.652704e+00	4.994822e+02
5.290000e-06	1.533386e-09	1.380533e-09	8.333074e+00	4.948133e+02
5.300000e-06	1.474440e-09	1.366860e-09	8.012813e+00	4.899344e+02
5.310000e-06	1.415387e-09	1.353120e-09	7.692017e+00	4.850384e+02
5.320000e-06	1.356230e-09	1.339691e-09	7.370737e+00	4.802620e+02
5.330000e-06	1.296968e-09	1.325777e-09	7.048931e+00	4.753229e+02
5.340000e-06	1.237622e-09	1.311494e-09	6.726710e+00	4.702398e+02
5.350000e-06	1.178199e-09	1.297501e-09	6.404089e+00	4.652128e+02
5.360000e-06	1.118689e-09	1.283436e-09	6.080995e+00	4.601555e+02
5.370000e-06	1.059119e-09	1.269115e-09	5.757659e+00	4.550526e+02
5.380000e-06	9.995086e-10	1.254748e-09	5.434140e+00	4.499654e+02
5.390000e-06	9.398581e-10	1.240023e-09	5.110423e+00	4.447435e+02
5.400000e-06	8.801652e-10	1.224948e-09	4.786502e+00	4.393529e+02
5.410000e-06	8.204217e-10	1.209899e-09	4.462316e+00	4.339386e+02
5.420000e-06	7.606400e-10	1.194918e-09	4.137946e+00	4.285679e+02
5.430000e-06	7.008286e-10	1.180011e-09	3.813406e+00	4.232460e+02
5.440000e-06	6.409785e-10	1.164837e-09	3.488685e+00	4.178252e+02
5.450000e-06	5.810899e-10	1.148953e-09	3.163797e+00	4.121421e+02
5.460000e-06	5.211777e-10	1.132623e-09	2.838729e+00	4.063176e+02
5.470000e-06	4.612405e-10	1.116519e-09	2.513511e+00	4.006095e+02
5.480000e-06	4.012917e-10	1.100769e-09	2.188266e+00	3.950284e+02
5.490000e-06	3.413268e-10	1.084857e-09	1.862944e+00	3.893683e+02
5.500000e-06	2.813386e-10	1.068645e-09	1.537450e+00	3.835719e+02
5.510000e-06	2.213513e-10	1.052175e-09	1.211932e+00	3.776548e+02
5.520000e-06	1.613645e-10	1.035213e-09	8.864334e-01	3.715712e+02
5.530000e-06	1.013783e-10	1.017958e-09	5.609181e-01	3.654018e+02
5.540000e-06	4.139609e-11	1.000691e-09	2.354158e-01	3.592376e+02
5.550000e-06	-1.859127e-11	9.832842e-10	-9.007698e-02	3.530286e+02
5.560000e-06	-7.858537e-11	9.659242e-10	-4.155782e-01	3.468544e+02
5.570000e-06	-1.385780e-10	9.489610e-10	-7.410720e-01	3.408372e+02
5.580000e-06	-1.985521e-10	9.320355e-10	-1.066529e+00	3.348179e+02
5.590000e-06	-2.585066e-10	9.146806e-10	-1.391937e+00	3.286094e+02
5.600000e-06	-3.184526e-10	8.968831e-10	-1.717245e+00	3.222149e+02
5.610000e-06	-3.783991e-10	8.786704e-10	-2.042520e+00	3.156722e+02
5.620000e-06	-4.383299e-10	8.602209e-10	-2.367705e+00	3.090727e+02
5.630000e-06	-4.982466e-10	8.417542e-10	-2.692810e+00	3.025014e+02
5.640000e-06	-5.581508e-10	8.233191e-10	-3.017833e+00	2.959321e+02
5.650000e-06	-6.180080e-10	8.047849e-10	-3.342598e+00	2.892944e+02
5.660000e-06	-6.778289e-10	7.860923e-10	-3.667200e+00	2.825911e+02
5.670000e-06	-7.376101e-10	7.674342e-10	-3.991636e+00	2.759166e+02
5.680000e-06	-7.973465e-10	7.487485e-10	-4.315831e+00	2.692377e+02
5.690000e-06	-8.570402e-10	7.295316e-10	-4.639746e+00	2.623533e+02
5.700000e-06	-9.166839e-10	7.094683e-10	-4.963395e+00	2.551629e+02
5.710000e-06	-9.762805e-10	6.888995e-10	-5.286840e+00	2.478009e+02
5.720000e-06	-1.035828e-09	6.685553e-10	-5.610035e+00	2.405106e+02
5.730000e-06	-1.095324e-09	6.482912e-10	-5.932949e+00	2.332467e+02
5.740000e-06	-1.154747e-09	6.275391e-10	-6.255498e+00	2.257901e+02
5.750000e-06	-1.214094e-09	6.063778e-10	-6.577697e+00	2.181498e+02
5.760000e-06	-1.273348e-09	5.851108e-10	-6.899472e+00	2.105002e+02
5.770000e-06	-1.332491e-09	5.639180e-10	-7.220718e+00	2.029065e+02
5.780000e-06	-1.391528e-09	5.423644e-10	-7.541414e+00	1.951406e+02
5.790000e-06	-1.450457e-09	5.200326e-10	-7.861546e+00	1.870590e+02
5.800000e-06	-1.509269e-09	4.969635e-10	-8.181095e+00	1.787167e+02
5.810000e-06	-1.567959e-09	4.733177e-10	-8.500031e+00	1.702222e+02
5.820000e-06	-1.626536e-09	4.495946e-10	-8.818374e+00	1.617527e+02
5.830000e-06	-1.684983e-09	4.260069e-10	-9.136072e+00	1.532997e+02
5.840000e-06	-1.743306e-09	4.019981e-10	-9.453085e+00	1.446460e+02
5.850000e-06	-1.801518e-09	3.774671e-10	-9.769456e+00	1.357726e+02
5.860000e-06	-1.859610e-09	3.528474e-10	-1.008519e+01	1.268509e+02
5.870000e-06	-1.917569e-09	3.279643e-10	-1.040019e+01	1.178564e+02
5.880000e-06	-1.975395e-09	3.022940e-10	-1.071445e+01	1.085964e+02
5.890000e-06	-2.033094e-09	2.756177e-10	-1.102798e+01	9.899417e+01
5.900000e-06	-2.090640e-09	2.484141e-10	-1.134066e+01	8.923386e+01
5.910000e-06	-2.148015e-09	2.212053e-10	-1.165242e+01	7.948897e+01
5.920000e-06	-2.205220e-09	1.940055e-10	-1.196334e+01	6.973247e+01
5.930000e-06	-2.262231e-09	1.666800e-10	-1.227328e+01	5.988304e+01
5.940000e-06	-2.319053e-09	1.387823e-10	-1.258221e+01	4.977742e+01
5.950000e-06	-2.375704e-09	1.101904e-10	-1.289015e+01	3.942127e+01
5.960000e-06	-2.432208e-09	8.123749e-11	-1.319709e+01	2.900555e+01
5.970000e-06	-2.488578e-09	5.202366e-11	-1.350319e+01	1.856599e+01
5.980000e-06	-2.544830e-09	2.257060e-11	-1.380855e+01	8.026498e+00
5.990000e-06	-2.600970e-09	-7.176469e-12	-1.411320e+01	-2.668384e+00
6.000000e-06	-2.656995e-09	-3.719637e-11	-1.441714e+01	-1.346543e+01
6.010000e-06	-2.712908e-09	-6.718616e-11	-1.472047e+01	-2.424420e+01
6.020000e-06	-2.768689e-09	-9.721743e-11	-1.502313e+01	-3.503897e+01
6.030000e-06	-2.824314e-09	-1.276368e-10	-1.532505e+01	-4.597971e+01
6.040000e-06	-2.879736e-09	-1.587169e-10	-1.562605e+01	-5.717488e+01
6.050000e-06	-2.934925e-09	-1.904928e-10	-1.592600e+01	-6.862336e+01
6.060000e-06	-2.989833e-09	-2.223637e-10	-1.622472e+01	-8.005968e+01
6.070000e-06	-3.044404e-09	-2.539348e-10	-1.652186e+01	-9.135712e+01
6.080000e-06	-3.098625e-09	-2.854993e-10	-1.681727e+01	-1.026885e+02
6.090000e-06	-3.152496e-09	-3.172347e-10	-1.711091e+01	-1.141148e+02
6.100000e-06	-3.206011e-09	-3.493774e-10	-1.740258e+01	-1.256939e+02
6.110000e-06	-3.259151e-09	-3.819303e-10	-1.769211e+01	-1.374177e+02
6.120000e-06	-3.311973e-09	-4.145213e-10	-1.797975e+01	-1.491445e+02
6.130000e-06	-3.364511e-09	-4.471343e-10	-1.826570e+01	-1.608845e+02
6.140000e-06	-3.416785e-09	-4.798011e-10	-1.855000e+01	-1.726704e+02
6.150000e-06	-3.468842e-09	-5.126439e-10	-1.883290e+01	-1.845402e+02
6.160000e-06	-3.520676e-09	-5.455534e-10	-1.911452e+01	-1.964020e+02
6.170000e-06	-3.572257e-09	-5.782086e-10	-1.939486e+01	-2.081091e+02
6.180000e-06	-3.623565e-09	-6.106636e-10	-1.967378e+01	-2.197504e+02
6.190000e-06	-3.674585e-09	-6.431873e-10	-1.995116e+01	-2.314645e+02
6.200000e-06	-3.725320e-09	-6.758253e-10	-2.022706e+01	-2.432282e+02
6.210000e-06	-3.775753e-09	-7.083537e-10	-2.050138e+01	-2.549300e+02
6.220000e-06	-3.825862e-09	-7.405894e-10	-2.077399e+01	-2.665003e+02
6.230000e-06	-3.875641e-09	-7.725887e-10	-2.104489e+01	-2.779750e+02
6.240000e-06	-3.925088e-09	-8.044400e-10	-2.131398e+01	-2.893963e+02
6.250000e-06	-3.974153e-09	-8.361339e-10	-2.158116e+01	-3.007541e+02
6.260000e-06	-4.022791e-09	-8.677861e-10	-2.184624e+01	-3.120901e+02
6.270000e-06	-4.071004e-09	-8.991213e-10	-2.210898e+01	-3.232916e+02
6.280000e-06	-4.118786e-09	-9.298930e-10	-2.236934e+01	-3.342795e+02
6.290000e-06	-4.166195e-09	-9.604602e-10	-2.262746e+01	-3.452246e+02
6.300000e-06	-4.213294e-09	-9.911556e-10	-2.288366e+01	-3.562203e+02
6.310000e-06	-4.260113e-09	-1.021637e-09	-2.313818e+01	-3.671273e+02
6.320000e-06	-4.306687e-09	-1.051594e-09	-2.339105e+01	-3.778573e+02
6.330000e-06	-4.353040e-09	-1.081298e-09	-2.364259e+01	-3.884693e+02
6.340000e-06	-4.399183e-09	-1.110659e-09	-2.389303e+01	-3.989391e+02
6.350000e-06	-4.445087e-09	-1.139470e-09	-2.414222e+01	-4.092379e+02
6.360000e-06	-4.490724e-09	-1.167910e-09	-2.439013e+01	-4.193973e+02
6.370000e-06	-4.536049e-09	-1.195979e-09	-2.463653e+01	-4.294058e+02
6.380000e-06	-4.581045e-09	-1.223800e-09	-2.488120e+01	-4.393292e+02
6.390000e-06	-4.625725e-09	-1.251552e-09	-2.512410e+01	-4.492618e+02
6.400000e-06	-4.670112e-09	-1.279107e-09	-2.536527e+01	-4.591418e+02
6.410000e-06	-4.714262e-09	-1.306139e-09	-2.560499e+01	-4.688022e+02
6.420000e-06	-4.758212e-09	-1.332491e-09	-2.584351e+01	-4.781908e+02
6.430000e-06	-4.801942e-09	-1.358319e-09	-2.608090e+01	-4.874033e+02
6.440000e-06	-4.845411e-09	-1.383735e-09	-2.631702e+01	-4.964885e+02
6.450000e-06	-4.888587e-09	-1.408657e-09	-2.655168e+01	-5.053958e+02
6.460000e-06	-4.931412e-09	-1.433217e-09	-2.678452e+01	-5.141554e+02
6.470000e-06	-4.973866e-09	-1.457540e-09	-2.701532e+01	-5.228125e+02
6.480000e-06	-5.015983e-09	-1.481189e-09	-2.724424e+01	-5.312590e+02
6.490000e-06	-5.057775e-09	-1.504297e-09	-2.747137e+01	-5.395489e+02
6.500000e-06	-5.099218e-09	-1.527043e-09	-2.769664e+01	-5.476962e+02
6.510000e-06	-5.140290e-09	-1.548905e-09	-2.791996e+01	-5.555106e+02
6.520000e-06	-5.180991e-09	-1.570135e-09	-2.814121e+01	-5.630859e+02
6.530000e-06	-5.221367e-09	-1.591147e-09	-2.836051e+01	-5.705542e+02
6.540000e-06	-5.261481e-09	-1.611556e-09	-2.857819e+01	-5.778212e+02
6.550000e-06	-5.301358e-09	-1.631412e-09	-2.879453e+01	-5.849106e+02
6.560000e-06	-5.340976e-09	-1.650910e-09	-2.900960e+01	-5.918545e+02
6.570000e-06	-5.380263e-09	-1.669901e-09	-2.922315e+01	-5.986145e+02
6.580000e-06	-5.419097e-09	-1.688576e-09	-2.943456e+01	-6.052632e+02
6.590000e-06	-5.457355e-09	-1.706864e-09	-2.964311e+01	-6.117875e+02
6.600000e-06	-5.494984e-09	-1.724550e-09	-2.984834e+01	-6.180886e+02
6.610000e-06	-5.532014e-09	-1.742001e-09	-3.005012e+01	-6.242749e+02
6.620000e-06	-5.568576e-09	-1.759521e-09	-3.024899e+01	-6.304855e+02
6.630000e-06	-5.604783e-09	-1.777026e-09	-3.044568e+01	-6.366877e+02
6.640000e-06	-5.640701e-09	-1.794258e-09	-3.064064e+01	-6.428087e+02
6.650000e-06	-5.676353e-09	-1.810889e-09	-3.083420e+01	-6.487517e+02
6.660000e-06	-5.711684e-09	-1.826855e-09	-3.102618e+01	-6.544497e+02
6.670000e-06	-5.746629e-09	-1.842614e-09	-3.121614e+01	-6.600445e+02
6.680000e-06	-5.781169e-09	-1.858340e-09	-3.140390e+01	-6.656060e+02
6.690000e-06	-5.815299e-09	-1.873815e-09	-3.158934e+01	-6.710586e+02
6.700000e-06	-5.849014e-09	-1.888984e-09	-3.177255e+01	-6.764215e+02
6.710000e-06	-5.882302e-09	-1.903775e-09	-3.195355e+01	-6.816864e+02
6.720000e-06	-5.915157e-09	-1.918243e-09	-3.213224e+01	-6.868470e+02
6.730000e-06	-5.947632e-09	-1.932441e-09	-3.230872e+01	-6.919127e+02
6.740000e-06	-5.979783e-09	-1.946196e-09	-3.248329e+01	-6.968189e+02
6.750000e-06	-6.011617e-09	-1.959544e-09	-3.265607e+01	-7.015536e+02
6.760000e-06	-6.043067e-09	-1.972428e-09	-3.282691e+01	-7.060973e+02
6.770000e-06	-6.074010e-09	-1.984938e-09	-3.299526e+01	-7.105279e+02
6.780000e-06	-6.104322e-09	-1.997465e-09	-3.316038e+01	-7.149832e+02
6.790000e-06	-6.133943e-09	-2.009845e-09	-3.332182e+01	-7.193812e+02
6.800000e-06	-6.162943e-09	-2.021626e-09	-3.347976e+01	-7.235770e+02
6.810000e-06	-6.191471e-09	-2.032796e-09	-3.363482e+01	-7.275604e+02
6.820000e-06	-6.219646e-09	-2.043696e-09	-3.378770e+01	-7.314458e+02
6.830000e-06	-6.247537e-09	-2.054409e-09	-3.393900e+01	-7.352510e+02
6.840000e-06	-6.275109e-09	-2.064860e-09	-3.408870e+01	-7.389244e+02
6.850000e-06	-6.302259e-09	-2.074862e-09	-3.423626e+01	-7.424465e+02
6.860000e-06	-6.328952e-09	-2.084415e-09	-3.438134e+01	-7.458390e+02
6.870000e-06	-6.355193e-09	-2.093911e-09	-3.452391e+01	-7.492171e+02
6.880000e-06	-6.380981e-09	-2.103318e-09	-3.466396e+01	-7.525731e+02
6.890000e-06	-6.406285e-09	-2.112439e-09	-3.480142e+01	-7.558234e+02
6.900000e-06	-6.431110e-09	-2.121220e-09	-3.493630e+01	-7.589403e+02
6.910000e-06	-6.455517e-09	-2.129653e-09	-3.506878e+01	-7.619308e+02
6.920000e-06	-6.479621e-09	-2.137989e-09	-3.519943e+01	-7.648731e+02
6.930000e-06	-6.503451e-09	-2.146324e-09	-3.532867e+01	-7.678087e+02
6.940000e-06	-6.526907e-09	-2.154300e-09	-3.545607e+01	-7.706389e+02
6.950000e-06	-6.549826e-09	-2.161921e-09	-3.558079e+01	-7.733408e+02
6.960000e-06	-6.572067e-09	-2.169200e-09	-3.570202e+01	-7.759241e+02
6.970000e-06	-6.593602e-09	-2.176336e-09	-3.581938e+01	-7.784713e+02
6.980000e-06	-6.614492e-09	-2.183654e-09	-3.593306e+01	-7.810781e+02
6.990000e-06	-6.634883e-09	-2.190835e-09	-3.604378e+01	-7.836218e+02
7.000000e-06	-6.654923e-09	-2.197743e-09	-3.615242e+01	-7.860510e+02
7.010000e-06	-6.674648e-09	-2.204292e-09	-3.625945e+01	-7.883604e+02
7.020000e-06	-6.693977e-09	-2.210257e-09	-3.636446e+01	-7.904900e+02
7.030000e-06	-6.712826e-09	-2.216177e-09	-3.646687e+01	-7.926151e+02
7.040000e-06	-6.731215e-09	-2.222425e-09	-3.656675e+01	-7.948275e+02
7.050000e-06	-6.749187e-09	-2.228406e-09	-3.666431e+01	-7.969211e+02
7.060000e-06	-6.766722e-09	-2.234135e-09	-3.675958e+01	-7.989337e+02
7.070000e-06	-6.783781e-09	-2.239759e-09	-3.685232e+01	-8.009177e+02
7.080000e-06	-6.800378e-09	-2.245109e-09	-3.694241e+01	-8.028177e+02
7.090000e-06	-6.816609e-09	-2.250292e-09	-3.703035e+01	-8.046690e+02
7.100000e-06	-6.832520e-09	-2.255379e-09	-3.711663e+01	-8.064831e+02
7.110000e-06	-6.848019e-09	-2.260330e-09	-3.720084e+01	-8.082526e+02
7.120000e-06	-6.862890e-09	-2.265101e-09	-3.728188e+01	-8.099688e+02
7.130000e-06	-6.876972e-09	-2.269683e-09	-3.735865e+01	-8.116004e+02
7.140000e-06	-6.890264e-09	-2.274214e-09	-3.743106e+01	-8.131934e+02
7.150000e-06	-6.902910e-09	-2.278537e-09	-3.749988e+01	-8.147278e+02
7.160000e-06	-6.915068e-09	-2.282654e-09	-3.756594e+01	-8.161992e+02
7.170000e-06	-6.926765e-09	-2.286659e-09	-3.762958e+01	-8.176117e+02
7.180000e-06	-6.937952e-09	-2.290501e-09	-3.769058e+01	-8.189702e+02
7.190000e-06	-6.948626e-09	-2.294391e-09	-3.774871e+01	-8.203556e+02
7.200000e-06	-6.958837e-09	-2.298064e-09	-3.780415e+01	-8.216651e+02
7.210000e-06	-6.968592e-09	-2.301319e-09	-3.785713e+01	-8.228534e+02
7.220000e-06	-6.977853e-09	-2.304310e-09	-3.790749e+01	-8.239441e+02
7.230000e-06	-6.986634e-09	-2.306914e-09	-3.795523e+01	-8.248719e+02
7.240000e-06	-6.995001e-09	-2.309506e-09	-3.800067e+01	-8.257870e+02
7.250000e-06	-7.003015e-09	-2.312573e-09	-3.804412e+01	-8.268635e+02
7.260000e-06	-7.010695e-09	-2.315622e-09	-3.808585e+01	-8.279417e+02
7.270000e-06	-7.017908e-09	-2.318284e-09	-3.812516e+01	-8.289082e+02
7.280000e-06	-7.024449e-09	-2.320804e-09	-3.816089e+01	-8.298319e+02
7.290000e-06	-7.030219e-09	-2.323009e-09	-3.819247e+01	-8.306170e+02
7.300000e-06	-7.035272e-09	-2.324906e-09	-3.822005e+01	-8.312794e+02
7.310000e-06	-7.039771e-09	-2.326903e-09	-3.824442e+01	-8.319846e+02
7.320000e-06	-7.043891e-09	-2.328745e-09	-3.826672e+01	-8.326427e+02
7.330000e-06	-7.047673e-09	-2.330413e-09	-3.828730e+01	-8.332461e+02
7.340000e-06	-7.051035e-09	-2.332098e-09	-3.830569e+01	-8.338306e+02
7.350000e-06	-7.053911e-09	-2.333678e-09	-3.832138e+01	-8.343607e+02
7.360000e-06	-7.056333e-09	-2.335037e-09	-3.833445e+01	-8.348654e+02
7.370000e-06	-7.058332e-09	-2.336365e-09	-3.834525e+01	-8.353756e+02
7.380000e-06	-7.059849e-09	-2.337871e-09	-3.835367e+01	-8.359145e+02
7.390000e-06	-7.060810e-09	-2.339095e-09	-3.835897e+01	-8.363501e+02
7.400000e-06	-7.061320e-09	-2.339709e-09	-3.836160e+01	-8.365592e+02
