# Temperatura_=_19.997368421052634
# Concentracion g/m^3_=_10000.0
# C_Vs_to_Am_M_A/Vsm_=_254322799225.57578
# pendiente_HvsI_1/m_=_3716.3
# ordenada_HvsI_A/m_=_1297.0
# frecuencia_Hz_=_135113.01911320369
# Promedio de 38 ciclos

Tiempo_(s)	Campo_(V.s)	Magnetizacion_(V.s)	Campo_(kA/m)	Magnetizacion_(A/m)
0.000000e+00	-7.034869e-09	-3.883237e-09	-3.836591e+01	-1.156141e+03
1.000000e-08	-7.034970e-09	-3.884643e-09	-3.836656e+01	-1.156536e+03
2.000000e-08	-7.034760e-09	-3.885282e-09	-3.836549e+01	-1.156710e+03
3.000000e-08	-7.034166e-09	-3.885657e-09	-3.836228e+01	-1.156837e+03
4.000000e-08	-7.033028e-09	-3.885644e-09	-3.835604e+01	-1.156864e+03
5.000000e-08	-7.031185e-09	-3.884999e-09	-3.834587e+01	-1.156691e+03
6.000000e-08	-7.028578e-09	-3.884049e-09	-3.833156e+01	-1.156394e+03
7.000000e-08	-7.025306e-09	-3.883051e-09	-3.831368e+01	-1.156090e+03
8.000000e-08	-7.021492e-09	-3.882759e-09	-3.829290e+01	-1.155987e+03
9.000000e-08	-7.017123e-09	-3.883297e-09	-3.826910e+01	-1.155935e+03
1.000000e-07	-7.012086e-09	-3.883985e-09	-3.824169e+01	-1.156153e+03
1.100000e-07	-7.006459e-09	-3.882665e-09	-3.821111e+01	-1.156450e+03
1.200000e-07	-7.000559e-09	-3.878131e-09	-3.817905e+01	-1.155092e+03
1.300000e-07	-6.994470e-09	-3.873876e-09	-3.814589e+01	-1.152598e+03
1.400000e-07	-6.987903e-09	-3.877401e-09	-3.811009e+01	-1.153773e+03
1.500000e-07	-6.980692e-09	-3.882383e-09	-3.807083e+01	-1.156803e+03
1.600000e-07	-6.973060e-09	-3.873796e-09	-3.802929e+01	-1.153991e+03
1.700000e-07	-6.965175e-09	-3.864385e-09	-3.798632e+01	-1.149407e+03
1.800000e-07	-6.956886e-09	-3.870649e-09	-3.794113e+01	-1.151642e+03
1.900000e-07	-6.948059e-09	-3.874865e-09	-3.789301e+01	-1.154695e+03
2.000000e-07	-6.938751e-09	-3.862589e-09	-3.784223e+01	-1.150433e+03
2.100000e-07	-6.928945e-09	-3.854569e-09	-3.778876e+01	-1.146249e+03
2.200000e-07	-6.918374e-09	-3.864399e-09	-3.773120e+01	-1.149983e+03
2.300000e-07	-6.906965e-09	-3.868641e-09	-3.766910e+01	-1.152777e+03
2.400000e-07	-6.894994e-09	-3.853409e-09	-3.760392e+01	-1.147000e+03
2.500000e-07	-6.882553e-09	-3.843662e-09	-3.753610e+01	-1.142887e+03
2.600000e-07	-6.869521e-09	-3.854348e-09	-3.746508e+01	-1.147752e+03
2.700000e-07	-6.855903e-09	-3.859127e-09	-3.739093e+01	-1.149999e+03
2.800000e-07	-6.841770e-09	-3.845350e-09	-3.731389e+01	-1.144175e+03
2.900000e-07	-6.826990e-09	-3.838829e-09	-3.723322e+01	-1.142304e+03
3.000000e-07	-6.811419e-09	-3.843510e-09	-3.714824e+01	-1.145393e+03
3.100000e-07	-6.795181e-09	-3.836661e-09	-3.705965e+01	-1.142518e+03
3.200000e-07	-6.778421e-09	-3.827173e-09	-3.696823e+01	-1.138389e+03
3.300000e-07	-6.761189e-09	-3.833788e-09	-3.687425e+01	-1.141928e+03
3.400000e-07	-6.743586e-09	-3.836033e-09	-3.677830e+01	-1.143225e+03
3.500000e-07	-6.725669e-09	-3.822790e-09	-3.668060e+01	-1.137480e+03
3.600000e-07	-6.707314e-09	-3.818510e-09	-3.658052e+01	-1.136435e+03
3.700000e-07	-6.688417e-09	-3.823921e-09	-3.647750e+01	-1.139761e+03
3.800000e-07	-6.669061e-09	-3.814323e-09	-3.637202e+01	-1.135853e+03
3.900000e-07	-6.649339e-09	-3.801106e-09	-3.626451e+01	-1.130680e+03
4.000000e-07	-6.629284e-09	-3.805694e-09	-3.615512e+01	-1.133493e+03
4.100000e-07	-6.608902e-09	-3.806971e-09	-3.604393e+01	-1.134281e+03
4.200000e-07	-6.588097e-09	-3.792247e-09	-3.593043e+01	-1.128409e+03
4.300000e-07	-6.566799e-09	-3.787246e-09	-3.581427e+01	-1.127277e+03
4.400000e-07	-6.545033e-09	-3.791739e-09	-3.569559e+01	-1.129664e+03
4.500000e-07	-6.522837e-09	-3.781779e-09	-3.557454e+01	-1.125827e+03
4.600000e-07	-6.500166e-09	-3.770055e-09	-3.545089e+01	-1.122045e+03
4.700000e-07	-6.477007e-09	-3.772326e-09	-3.532461e+01	-1.123701e+03
4.800000e-07	-6.453444e-09	-3.768545e-09	-3.519614e+01	-1.122235e+03
4.900000e-07	-6.429563e-09	-3.754697e-09	-3.506594e+01	-1.117456e+03
5.000000e-07	-6.405389e-09	-3.751165e-09	-3.493409e+01	-1.117086e+03
5.100000e-07	-6.380810e-09	-3.750376e-09	-3.479997e+01	-1.116961e+03
5.200000e-07	-6.355641e-09	-3.739198e-09	-3.466266e+01	-1.113033e+03
5.300000e-07	-6.329732e-09	-3.731670e-09	-3.452138e+01	-1.111120e+03
5.400000e-07	-6.303064e-09	-3.730680e-09	-3.437600e+01	-1.111126e+03
5.500000e-07	-6.275779e-09	-3.721773e-09	-3.422729e+01	-1.108064e+03
5.600000e-07	-6.248058e-09	-3.711059e-09	-3.407622e+01	-1.104977e+03
5.700000e-07	-6.220022e-09	-3.708331e-09	-3.392337e+01	-1.104367e+03
5.800000e-07	-6.191702e-09	-3.703368e-09	-3.376894e+01	-1.102602e+03
5.900000e-07	-6.163043e-09	-3.692698e-09	-3.361264e+01	-1.099514e+03
6.000000e-07	-6.133959e-09	-3.685440e-09	-3.345405e+01	-1.097571e+03
6.100000e-07	-6.104429e-09	-3.680210e-09	-3.329303e+01	-1.095743e+03
6.200000e-07	-6.074493e-09	-3.672305e-09	-3.312981e+01	-1.093434e+03
6.300000e-07	-6.044171e-09	-3.664586e-09	-3.296448e+01	-1.091422e+03
6.400000e-07	-6.013432e-09	-3.657355e-09	-3.279686e+01	-1.089056e+03
6.500000e-07	-5.982246e-09	-3.648262e-09	-3.262682e+01	-1.086255e+03
6.600000e-07	-5.950650e-09	-3.639583e-09	-3.245461e+01	-1.083920e+03
6.700000e-07	-5.918749e-09	-3.632991e-09	-3.228073e+01	-1.081854e+03
6.800000e-07	-5.886596e-09	-3.625807e-09	-3.210537e+01	-1.079593e+03
6.900000e-07	-5.854106e-09	-3.616878e-09	-3.192817e+01	-1.077145e+03
7.000000e-07	-5.821135e-09	-3.607929e-09	-3.174836e+01	-1.074464e+03
7.100000e-07	-5.787542e-09	-3.599847e-09	-3.156513e+01	-1.071925e+03
7.200000e-07	-5.753282e-09	-3.591595e-09	-3.137825e+01	-1.069620e+03
7.300000e-07	-5.718433e-09	-3.582291e-09	-3.118818e+01	-1.066922e+03
7.400000e-07	-5.683087e-09	-3.572473e-09	-3.099547e+01	-1.063861e+03
7.500000e-07	-5.647369e-09	-3.562964e-09	-3.080076e+01	-1.061035e+03
7.600000e-07	-5.611387e-09	-3.553794e-09	-3.060454e+01	-1.058361e+03
7.700000e-07	-5.575139e-09	-3.545023e-09	-3.040684e+01	-1.055708e+03
7.800000e-07	-5.538540e-09	-3.536329e-09	-3.020723e+01	-1.053118e+03
7.900000e-07	-5.501524e-09	-3.527053e-09	-3.000534e+01	-1.050429e+03
8.000000e-07	-5.464104e-09	-3.517016e-09	-2.980127e+01	-1.047475e+03
8.100000e-07	-5.426310e-09	-3.506931e-09	-2.959513e+01	-1.044474e+03
8.200000e-07	-5.388112e-09	-3.497087e-09	-2.938679e+01	-1.041549e+03
8.300000e-07	-5.349482e-09	-3.487008e-09	-2.917602e+01	-1.038563e+03
8.400000e-07	-5.310429e-09	-3.476632e-09	-2.896294e+01	-1.035447e+03
8.500000e-07	-5.271014e-09	-3.466664e-09	-2.874799e+01	-1.032440e+03
8.600000e-07	-5.231308e-09	-3.457269e-09	-2.853149e+01	-1.029667e+03
8.700000e-07	-5.191371e-09	-3.447566e-09	-2.831373e+01	-1.026839e+03
8.800000e-07	-5.151226e-09	-3.437018e-09	-2.809476e+01	-1.023719e+03
8.900000e-07	-5.110819e-09	-3.425929e-09	-2.787432e+01	-1.020433e+03
9.000000e-07	-5.070057e-09	-3.414336e-09	-2.765194e+01	-1.016993e+03
9.100000e-07	-5.028813e-09	-3.402380e-09	-2.742694e+01	-1.013414e+03
9.200000e-07	-4.986990e-09	-3.390696e-09	-2.719874e+01	-1.009925e+03
9.300000e-07	-4.944547e-09	-3.379495e-09	-2.696723e+01	-1.006602e+03
9.400000e-07	-4.901534e-09	-3.368508e-09	-2.673265e+01	-1.003331e+03
9.500000e-07	-4.858092e-09	-3.357615e-09	-2.649575e+01	-1.000080e+03
9.600000e-07	-4.814337e-09	-3.346742e-09	-2.625718e+01	-9.968614e+02
9.700000e-07	-4.770350e-09	-3.335357e-09	-2.601732e+01	-9.935068e+02
9.800000e-07	-4.726158e-09	-3.323105e-09	-2.577628e+01	-9.898747e+02
9.900000e-07	-4.681712e-09	-3.310215e-09	-2.553382e+01	-9.860413e+02
1.000000e-06	-4.636979e-09	-3.297126e-09	-2.528981e+01	-9.821577e+02
1.010000e-06	-4.591938e-09	-3.284292e-09	-2.504413e+01	-9.783324e+02
1.020000e-06	-4.546566e-09	-3.272361e-09	-2.479664e+01	-9.747632e+02
1.030000e-06	-4.500889e-09	-3.261001e-09	-2.454750e+01	-9.713718e+02
1.040000e-06	-4.454917e-09	-3.249136e-09	-2.429677e+01	-9.678308e+02
1.050000e-06	-4.408627e-09	-3.236585e-09	-2.404435e+01	-9.640889e+02
1.060000e-06	-4.362011e-09	-3.223415e-09	-2.379012e+01	-9.602025e+02
1.070000e-06	-4.315050e-09	-3.209444e-09	-2.353404e+01	-9.560894e+02
1.080000e-06	-4.267759e-09	-3.195166e-09	-2.327623e+01	-9.518578e+02
1.090000e-06	-4.220191e-09	-3.181141e-09	-2.301686e+01	-9.476826e+02
1.100000e-06	-4.172406e-09	-3.167478e-09	-2.275623e+01	-9.436073e+02
1.110000e-06	-4.124418e-09	-3.154084e-09	-2.249453e+01	-9.395891e+02
1.120000e-06	-4.076228e-09	-3.140924e-09	-2.223171e+01	-9.356447e+02
1.130000e-06	-4.027801e-09	-3.127687e-09	-2.196757e+01	-9.317110e+02
1.140000e-06	-3.979057e-09	-3.113720e-09	-2.170180e+01	-9.275830e+02
1.150000e-06	-3.929948e-09	-3.098971e-09	-2.143405e+01	-9.232269e+02
1.160000e-06	-3.880440e-09	-3.083875e-09	-2.116407e+01	-9.187659e+02
1.170000e-06	-3.830500e-09	-3.068803e-09	-2.089176e+01	-9.142978e+02
1.180000e-06	-3.780117e-09	-3.054030e-09	-2.061707e+01	-9.098965e+02
1.190000e-06	-3.729310e-09	-3.039441e-09	-2.034009e+01	-9.055324e+02
1.200000e-06	-3.678098e-09	-3.024758e-09	-2.006095e+01	-9.011320e+02
1.210000e-06	-3.626540e-09	-3.009800e-09	-1.977986e+01	-8.966680e+02
1.220000e-06	-3.574696e-09	-2.994629e-09	-1.949718e+01	-8.921601e+02
1.230000e-06	-3.522588e-09	-2.979311e-09	-1.921309e+01	-8.876066e+02
1.240000e-06	-3.470234e-09	-2.963303e-09	-1.892765e+01	-8.828625e+02
1.250000e-06	-3.417655e-09	-2.946482e-09	-1.864099e+01	-8.778811e+02
1.260000e-06	-3.364844e-09	-2.929868e-09	-1.835307e+01	-8.729468e+02
1.270000e-06	-3.311792e-09	-2.913903e-09	-1.806381e+01	-8.682091e+02
1.280000e-06	-3.258492e-09	-2.897935e-09	-1.777321e+01	-8.634570e+02
1.290000e-06	-3.204951e-09	-2.881445e-09	-1.748134e+01	-8.585447e+02
1.300000e-06	-3.151196e-09	-2.864405e-09	-1.718831e+01	-8.534741e+02
1.310000e-06	-3.097256e-09	-2.846955e-09	-1.689419e+01	-8.482777e+02
1.320000e-06	-3.043126e-09	-2.829364e-09	-1.659898e+01	-8.430501e+02
1.330000e-06	-2.988797e-09	-2.811915e-09	-1.630267e+01	-8.378774e+02
1.340000e-06	-2.934242e-09	-2.794166e-09	-1.600518e+01	-8.325953e+02
1.350000e-06	-2.879441e-09	-2.776120e-09	-1.570645e+01	-8.272088e+02
1.360000e-06	-2.824403e-09	-2.758346e-09	-1.540644e+01	-8.219186e+02
1.370000e-06	-2.769158e-09	-2.740571e-09	-1.510527e+01	-8.166431e+02
1.380000e-06	-2.713721e-09	-2.722291e-09	-1.480300e+01	-8.112145e+02
1.390000e-06	-2.658106e-09	-2.703300e-09	-1.449978e+01	-8.055679e+02
1.400000e-06	-2.602359e-09	-2.683678e-09	-1.419585e+01	-7.997319e+02
1.410000e-06	-2.546506e-09	-2.664030e-09	-1.389130e+01	-7.938848e+02
1.420000e-06	-2.490555e-09	-2.644615e-09	-1.358622e+01	-7.881052e+02
1.430000e-06	-2.434513e-09	-2.625272e-09	-1.328062e+01	-7.823537e+02
1.440000e-06	-2.378386e-09	-2.605817e-09	-1.297453e+01	-7.765668e+02
1.450000e-06	-2.322160e-09	-2.585928e-09	-1.266793e+01	-7.706421e+02
1.460000e-06	-2.265816e-09	-2.565561e-09	-1.236068e+01	-7.645840e+02
1.470000e-06	-2.209335e-09	-2.544964e-09	-1.205269e+01	-7.584736e+02
1.480000e-06	-2.152700e-09	-2.524162e-09	-1.174389e+01	-7.523012e+02
1.490000e-06	-2.095890e-09	-2.503044e-09	-1.143414e+01	-7.460245e+02
1.500000e-06	-2.038869e-09	-2.481867e-09	-1.112325e+01	-7.397109e+02
1.510000e-06	-1.981634e-09	-2.460894e-09	-1.081123e+01	-7.334420e+02
1.520000e-06	-1.924181e-09	-2.439924e-09	-1.049807e+01	-7.271886e+02
1.530000e-06	-1.866516e-09	-2.418481e-09	-1.018376e+01	-7.208121e+02
1.540000e-06	-1.808663e-09	-2.396533e-09	-9.868395e+00	-7.142835e+02
1.550000e-06	-1.750618e-09	-2.374566e-09	-9.551986e+00	-7.077527e+02
1.560000e-06	-1.692366e-09	-2.352840e-09	-9.234487e+00	-7.013084e+02
1.570000e-06	-1.633919e-09	-2.331173e-09	-8.915881e+00	-6.948822e+02
1.580000e-06	-1.575286e-09	-2.309232e-09	-8.596282e+00	-6.883636e+02
1.590000e-06	-1.516466e-09	-2.286563e-09	-8.275674e+00	-6.816162e+02
1.600000e-06	-1.457468e-09	-2.263166e-09	-7.954064e+00	-6.746382e+02
1.610000e-06	-1.398321e-09	-2.239836e-09	-7.631602e+00	-6.676785e+02
1.620000e-06	-1.339031e-09	-2.216617e-09	-7.308353e+00	-6.607710e+02
1.630000e-06	-1.279615e-09	-2.193049e-09	-6.984350e+00	-6.537738e+02
1.640000e-06	-1.220090e-09	-2.169528e-09	-6.659746e+00	-6.467875e+02
1.650000e-06	-1.160477e-09	-2.146114e-09	-6.334687e+00	-6.398213e+02
1.660000e-06	-1.100797e-09	-2.122630e-09	-6.009262e+00	-6.328264e+02
1.670000e-06	-1.041060e-09	-2.098920e-09	-5.683532e+00	-6.257819e+02
1.680000e-06	-9.812820e-10	-2.074473e-09	-5.357574e+00	-6.185247e+02
1.690000e-06	-9.214721e-10	-2.049051e-09	-5.031430e+00	-6.109578e+02
1.700000e-06	-8.616322e-10	-2.023245e-09	-4.705084e+00	-6.032707e+02
1.710000e-06	-8.017574e-10	-1.998030e-09	-4.378505e+00	-5.957572e+02
1.720000e-06	-7.418422e-10	-1.973454e-09	-4.051727e+00	-5.884345e+02
1.730000e-06	-6.818971e-10	-1.949016e-09	-3.724848e+00	-5.811549e+02
1.740000e-06	-6.219213e-10	-1.924259e-09	-3.397836e+00	-5.737746e+02
1.750000e-06	-5.619053e-10	-1.898590e-09	-3.070590e+00	-5.661276e+02
1.760000e-06	-5.018565e-10	-1.872033e-09	-2.743131e+00	-5.582308e+02
1.770000e-06	-4.417883e-10	-1.845057e-09	-2.415587e+00	-5.502175e+02
1.780000e-06	-3.817049e-10	-1.817789e-09	-2.087970e+00	-5.421106e+02
1.790000e-06	-3.216042e-10	-1.790308e-09	-1.760247e+00	-5.339301e+02
1.800000e-06	-2.614816e-10	-1.762951e-09	-1.432416e+00	-5.257782e+02
1.810000e-06	-2.013492e-10	-1.735957e-09	-1.104514e+00	-5.177247e+02
1.820000e-06	-1.412259e-10	-1.709056e-09	-7.766258e-01	-5.096978e+02
1.830000e-06	-8.110032e-11	-1.681589e-09	-4.487343e-01	-5.015172e+02
1.840000e-06	-2.097105e-11	-1.653148e-09	-1.208146e-01	-4.930515e+02
1.850000e-06	3.914575e-11	-1.623909e-09	2.070626e-01	-4.843544e+02
1.860000e-06	9.926251e-11	-1.594225e-09	5.349489e-01	-4.755384e+02
1.870000e-06	1.593842e-10	-1.564558e-09	8.628430e-01	-4.667074e+02
1.880000e-06	2.195032e-10	-1.534906e-09	1.190694e+00	-4.578551e+02
1.890000e-06	2.796171e-10	-1.504959e-09	1.518519e+00	-4.489062e+02
1.900000e-06	3.397182e-10	-1.474565e-09	1.846287e+00	-4.398276e+02
1.910000e-06	3.998059e-10	-1.443518e-09	2.173977e+00	-4.305752e+02
1.920000e-06	4.598759e-10	-1.412020e-09	2.501573e+00	-4.211997e+02
1.930000e-06	5.199302e-10	-1.380261e-09	2.829092e+00	-4.117534e+02
1.940000e-06	5.799746e-10	-1.347789e-09	3.156515e+00	-4.021021e+02
1.950000e-06	6.399922e-10	-1.314323e-09	3.483759e+00	-3.921409e+02
1.960000e-06	6.999740e-10	-1.280524e-09	3.810819e+00	-3.820580e+02
1.970000e-06	7.599170e-10	-1.247047e-09	4.137684e+00	-3.720465e+02
1.980000e-06	8.198162e-10	-1.213416e-09	4.464360e+00	-3.619922e+02
1.990000e-06	8.796730e-10	-1.179162e-09	4.790813e+00	-3.517803e+02
2.000000e-06	9.394937e-10	-1.144236e-09	5.117034e+00	-3.413929e+02
2.010000e-06	9.992666e-10	-1.108737e-09	5.442982e+00	-3.308446e+02
2.020000e-06	1.058989e-09	-1.073036e-09	5.768637e+00	-3.202357e+02
2.030000e-06	1.118667e-09	-1.037177e-09	6.094053e+00	-3.095774e+02
2.040000e-06	1.178287e-09	-1.000843e-09	6.419160e+00	-2.987607e+02
2.050000e-06	1.237825e-09	-9.637623e-10	6.743867e+00	-2.877037e+02
2.060000e-06	1.297260e-09	-9.261637e-10	7.068067e+00	-2.764817e+02
2.070000e-06	1.356594e-09	-8.884376e-10	7.391739e+00	-2.652201e+02
2.080000e-06	1.415814e-09	-8.505950e-10	7.714749e+00	-2.539354e+02
2.090000e-06	1.474873e-09	-8.123481e-10	8.036827e+00	-2.425543e+02
2.100000e-06	1.533773e-09	-7.733971e-10	8.357969e+00	-2.309803e+02
2.110000e-06	1.592496e-09	-7.338446e-10	8.678093e+00	-2.192113e+02
2.120000e-06	1.651006e-09	-6.937642e-10	8.997041e+00	-2.072726e+02
2.130000e-06	1.709314e-09	-6.531581e-10	9.314900e+00	-1.951680e+02
2.140000e-06	1.767423e-09	-6.122261e-10	9.631726e+00	-1.829373e+02
2.150000e-06	1.825334e-09	-5.708552e-10	9.947515e+00	-1.705696e+02
2.160000e-06	1.883044e-09	-5.290813e-10	1.026220e+01	-1.580855e+02
2.170000e-06	1.940547e-09	-4.868395e-10	1.057575e+01	-1.454648e+02
2.180000e-06	1.997851e-09	-4.435544e-10	1.088823e+01	-1.325568e+02
2.190000e-06	2.054942e-09	-3.988921e-10	1.119954e+01	-1.192471e+02
2.200000e-06	2.111824e-09	-3.529250e-10	1.150971e+01	-1.055382e+02
2.210000e-06	2.168506e-09	-3.065149e-10	1.181880e+01	-9.167957e+01
2.220000e-06	2.225009e-09	-2.606321e-10	1.212693e+01	-7.795405e+01
2.230000e-06	2.281382e-09	-2.151095e-10	1.243435e+01	-6.433629e+01
2.240000e-06	2.337635e-09	-1.690046e-10	1.274111e+01	-5.056221e+01
2.250000e-06	2.393761e-09	-1.212995e-10	1.304716e+01	-3.633421e+01
2.260000e-06	2.449767e-09	-7.183282e-11	1.335256e+01	-2.159354e+01
2.270000e-06	2.505669e-09	-2.130552e-11	1.365745e+01	-6.527200e+00
2.280000e-06	2.561465e-09	2.944962e-11	1.396179e+01	8.620811e+00
2.290000e-06	2.617143e-09	7.990347e-11	1.426543e+01	2.369106e+01
2.300000e-06	2.672678e-09	1.301312e-10	1.456828e+01	3.869472e+01
2.310000e-06	2.728056e-09	1.802554e-10	1.487026e+01	5.366711e+01
2.320000e-06	2.783268e-09	2.307448e-10	1.517131e+01	6.874500e+01
2.330000e-06	2.838288e-09	2.824436e-10	1.547130e+01	8.417914e+01
2.340000e-06	2.893081e-09	3.354467e-10	1.577008e+01	1.000025e+02
2.350000e-06	2.947660e-09	3.892741e-10	1.606768e+01	1.160684e+02
2.360000e-06	3.002046e-09	4.433038e-10	1.636422e+01	1.322016e+02
2.370000e-06	3.056233e-09	4.969963e-10	1.665971e+01	1.482514e+02
2.380000e-06	3.110213e-09	5.501470e-10	1.695409e+01	1.641495e+02
2.390000e-06	3.163975e-09	6.029588e-10	1.724732e+01	1.799310e+02
2.400000e-06	3.217507e-09	6.562694e-10	1.753934e+01	1.958336e+02
2.410000e-06	3.270806e-09	7.106476e-10	1.783008e+01	2.120551e+02
2.420000e-06	3.323865e-09	7.658674e-10	1.811947e+01	2.285511e+02
2.430000e-06	3.376686e-09	8.213603e-10	1.840756e+01	2.451419e+02
2.440000e-06	3.429268e-09	8.766065e-10	1.869435e+01	2.616512e+02
2.450000e-06	3.481605e-09	9.314130e-10	1.897978e+01	2.780123e+02
2.460000e-06	3.533698e-09	9.857038e-10	1.926389e+01	2.942127e+02
2.470000e-06	3.585527e-09	1.039442e-09	1.954660e+01	3.102550e+02
2.480000e-06	3.637055e-09	1.092993e-09	1.982773e+01	3.262421e+02
2.490000e-06	3.688262e-09	1.146842e-09	2.010710e+01	3.423098e+02
2.500000e-06	3.739069e-09	1.201053e-09	2.038424e+01	3.584765e+02
2.510000e-06	3.789423e-09	1.255163e-09	2.065891e+01	3.746153e+02
2.520000e-06	3.839329e-09	1.308410e-09	2.093115e+01	3.905105e+02
2.530000e-06	3.888799e-09	1.360720e-09	2.120098e+01	4.061229e+02
2.540000e-06	3.937862e-09	1.412664e-09	2.146861e+01	4.216015e+02
2.550000e-06	3.986560e-09	1.464372e-09	2.173425e+01	4.369964e+02
2.560000e-06	4.034967e-09	1.515787e-09	2.199825e+01	4.523083e+02
2.570000e-06	4.083159e-09	1.566867e-09	2.226102e+01	4.675303e+02
2.580000e-06	4.131174e-09	1.617303e-09	2.252284e+01	4.825675e+02
2.590000e-06	4.179006e-09	1.667123e-09	2.278370e+01	4.974090e+02
2.600000e-06	4.226596e-09	1.716516e-09	2.304334e+01	5.121052e+02
2.610000e-06	4.273888e-09	1.765495e-09	2.330140e+01	5.266859e+02
2.620000e-06	4.320858e-09	1.813954e-09	2.355763e+01	5.411251e+02
2.630000e-06	4.367498e-09	1.861637e-09	2.381197e+01	5.553331e+02
2.640000e-06	4.413823e-09	1.908688e-09	2.406461e+01	5.693480e+02
2.650000e-06	4.459850e-09	1.955313e-09	2.431566e+01	5.832229e+02
2.660000e-06	4.505595e-09	2.001375e-09	2.456517e+01	5.969220e+02
2.670000e-06	4.551028e-09	2.046818e-09	2.481304e+01	6.104428e+02
2.680000e-06	4.596127e-09	2.091598e-09	2.505912e+01	6.237836e+02
2.690000e-06	4.640913e-09	2.135567e-09	2.530347e+01	6.368954e+02
2.700000e-06	4.685421e-09	2.178566e-09	2.554626e+01	6.497039e+02
2.710000e-06	4.729696e-09	2.220547e-09	2.578771e+01	6.622013e+02
2.720000e-06	4.773781e-09	2.261589e-09	2.602810e+01	6.744309e+02
2.730000e-06	4.817681e-09	2.301981e-09	2.626751e+01	6.864546e+02
2.740000e-06	4.861324e-09	2.342216e-09	2.650560e+01	6.984103e+02
2.750000e-06	4.904611e-09	2.382322e-09	2.674185e+01	7.103287e+02
2.760000e-06	4.947433e-09	2.421600e-09	2.697557e+01	7.220068e+02
2.770000e-06	4.989668e-09	2.459597e-09	2.720608e+01	7.333124e+02
2.780000e-06	5.031289e-09	2.496683e-09	2.743325e+01	7.443530e+02
2.790000e-06	5.072360e-09	2.533188e-09	2.765735e+01	7.552137e+02
2.800000e-06	5.112977e-09	2.569274e-09	2.787892e+01	7.659319e+02
2.810000e-06	5.153267e-09	2.605150e-09	2.809868e+01	7.765771e+02
2.820000e-06	5.193316e-09	2.640512e-09	2.831711e+01	7.870853e+02
2.830000e-06	5.233143e-09	2.675101e-09	2.853439e+01	7.973729e+02
2.840000e-06	5.272710e-09	2.709207e-09	2.875026e+01	8.075079e+02
2.850000e-06	5.311951e-09	2.742761e-09	2.896432e+01	8.174763e+02
2.860000e-06	5.350812e-09	2.775370e-09	2.917632e+01	8.271624e+02
2.870000e-06	5.389267e-09	2.806968e-09	2.938612e+01	8.365558e+02
2.880000e-06	5.427332e-09	2.837745e-09	2.959383e+01	8.457135e+02
2.890000e-06	5.465004e-09	2.868056e-09	2.979944e+01	8.547167e+02
2.900000e-06	5.502265e-09	2.898041e-09	3.000277e+01	8.636202e+02
2.910000e-06	5.539150e-09	2.927462e-09	3.020400e+01	8.723646e+02
2.920000e-06	5.575689e-09	2.956035e-09	3.040330e+01	8.808545e+02
2.930000e-06	5.611938e-09	2.983663e-09	3.060096e+01	8.890659e+02
2.940000e-06	5.647948e-09	3.010545e-09	3.079730e+01	8.970570e+02
2.950000e-06	5.683692e-09	3.036812e-09	3.099227e+01	9.048536e+02
2.960000e-06	5.719092e-09	3.062168e-09	3.118546e+01	9.123767e+02
2.970000e-06	5.754006e-09	3.086663e-09	3.137609e+01	9.196487e+02
2.980000e-06	5.788295e-09	3.111085e-09	3.156336e+01	9.268965e+02
2.990000e-06	5.821923e-09	3.135608e-09	3.174699e+01	9.341767e+02
3.000000e-06	5.854947e-09	3.159602e-09	3.192725e+01	9.413069e+02
3.010000e-06	5.887492e-09	3.182649e-09	3.210481e+01	9.481553e+02
3.020000e-06	5.919696e-09	3.204880e-09	3.228047e+01	9.547561e+02
3.030000e-06	5.951627e-09	3.226748e-09	3.245464e+01	9.612501e+02
3.040000e-06	5.983259e-09	3.248378e-09	3.262717e+01	9.676697e+02
3.050000e-06	6.014514e-09	3.269931e-09	3.279766e+01	9.740581e+02
3.060000e-06	6.045326e-09	3.291170e-09	3.296573e+01	9.803569e+02
3.070000e-06	6.075679e-09	3.311560e-09	3.313129e+01	9.864113e+02
3.080000e-06	6.105606e-09	3.331334e-09	3.329458e+01	9.922851e+02
3.090000e-06	6.135131e-09	3.350555e-09	3.345567e+01	9.979933e+02
3.100000e-06	6.164251e-09	3.369143e-09	3.361450e+01	1.003508e+03
3.110000e-06	6.192984e-09	3.387240e-09	3.377118e+01	1.008875e+03
3.120000e-06	6.221378e-09	3.405100e-09	3.392603e+01	1.014170e+03
3.130000e-06	6.249496e-09	3.422869e-09	3.407936e+01	1.019439e+03
3.140000e-06	6.277341e-09	3.440245e-09	3.423119e+01	1.024601e+03
3.150000e-06	6.304809e-09	3.456793e-09	3.438102e+01	1.029519e+03
3.160000e-06	6.331706e-09	3.472276e-09	3.452786e+01	1.034117e+03
3.170000e-06	6.357882e-09	3.486967e-09	3.467083e+01	1.038479e+03
3.180000e-06	6.383309e-09	3.501246e-09	3.480968e+01	1.042722e+03
3.190000e-06	6.408106e-09	3.515423e-09	3.494499e+01	1.046933e+03
3.200000e-06	6.432437e-09	3.529703e-09	3.507768e+01	1.051162e+03
3.210000e-06	6.456379e-09	3.543763e-09	3.520825e+01	1.055331e+03
3.220000e-06	6.479926e-09	3.557394e-09	3.533669e+01	1.059387e+03
3.230000e-06	6.503030e-09	3.570573e-09	3.546275e+01	1.063307e+03
3.240000e-06	6.525688e-09	3.582972e-09	3.558638e+01	1.066993e+03
3.250000e-06	6.547922e-09	3.594534e-09	3.570765e+01	1.070425e+03
3.260000e-06	6.569733e-09	3.605575e-09	3.582662e+01	1.073693e+03
3.270000e-06	6.591100e-09	3.616503e-09	3.594319e+01	1.076930e+03
3.280000e-06	6.612011e-09	3.627593e-09	3.605726e+01	1.080220e+03
3.290000e-06	6.632508e-09	3.639058e-09	3.616902e+01	1.083616e+03
3.300000e-06	6.652683e-09	3.650648e-09	3.627901e+01	1.087048e+03
3.310000e-06	6.672566e-09	3.661570e-09	3.638743e+01	1.090295e+03
3.320000e-06	6.692088e-09	3.671632e-09	3.649390e+01	1.093302e+03
3.330000e-06	6.711132e-09	3.681073e-09	3.659781e+01	1.096130e+03
3.340000e-06	6.729625e-09	3.690115e-09	3.669880e+01	1.098822e+03
3.350000e-06	6.747591e-09	3.699161e-09	3.679689e+01	1.101495e+03
3.360000e-06	6.765113e-09	3.708395e-09	3.689248e+01	1.104215e+03
3.370000e-06	6.782259e-09	3.717854e-09	3.698600e+01	1.106996e+03
3.380000e-06	6.799021e-09	3.727384e-09	3.707744e+01	1.109809e+03
3.390000e-06	6.815274e-09	3.736538e-09	3.716617e+01	1.112527e+03
3.400000e-06	6.830872e-09	3.744964e-09	3.725133e+01	1.115044e+03
3.410000e-06	6.845829e-09	3.752642e-09	3.733297e+01	1.117349e+03
3.420000e-06	6.860221e-09	3.759912e-09	3.741148e+01	1.119529e+03
3.430000e-06	6.874095e-09	3.766875e-09	3.748716e+01	1.121606e+03
3.440000e-06	6.887466e-09	3.773795e-09	3.756014e+01	1.123651e+03
3.450000e-06	6.900328e-09	3.781179e-09	3.763032e+01	1.125829e+03
3.460000e-06	6.912708e-09	3.788609e-09	3.769786e+01	1.128031e+03
3.470000e-06	6.924622e-09	3.795390e-09	3.776287e+01	1.130046e+03
3.480000e-06	6.936013e-09	3.801626e-09	3.782508e+01	1.131907e+03
3.490000e-06	6.946764e-09	3.807633e-09	3.788389e+01	1.133706e+03
3.500000e-06	6.956739e-09	3.813473e-09	3.793853e+01	1.135453e+03
3.510000e-06	6.965932e-09	3.819181e-09	3.798887e+01	1.137154e+03
3.520000e-06	6.974526e-09	3.824699e-09	3.803585e+01	1.138790e+03
3.530000e-06	6.982723e-09	3.829968e-09	3.808059e+01	1.140337e+03
3.540000e-06	6.990610e-09	3.835241e-09	3.812360e+01	1.141877e+03
3.550000e-06	6.998127e-09	3.840488e-09	3.816455e+01	1.143438e+03
3.560000e-06	7.005162e-09	3.845106e-09	3.820292e+01	1.144835e+03
3.570000e-06	7.011675e-09	3.848983e-09	3.823850e+01	1.145999e+03
3.580000e-06	7.017689e-09	3.852666e-09	3.827131e+01	1.147100e+03
3.590000e-06	7.023201e-09	3.856242e-09	3.830142e+01	1.148168e+03
3.600000e-06	7.028207e-09	3.859405e-09	3.832881e+01	1.149104e+03
3.610000e-06	7.032774e-09	3.862362e-09	3.835375e+01	1.149967e+03
3.620000e-06	7.036994e-09	3.865160e-09	3.837673e+01	1.150773e+03
3.630000e-06	7.040900e-09	3.867451e-09	3.839802e+01	1.151428e+03
3.640000e-06	7.044410e-09	3.869357e-09	3.841718e+01	1.151990e+03
3.650000e-06	7.047335e-09	3.871228e-09	3.843328e+01	1.152580e+03
3.660000e-06	7.049516e-09	3.873035e-09	3.844537e+01	1.153165e+03
3.670000e-06	7.050943e-09	3.874467e-09	3.845337e+01	1.153600e+03
3.680000e-06	7.051732e-09	3.875655e-09	3.845791e+01	1.153935e+03
3.690000e-06	7.052063e-09	3.876720e-09	3.845983e+01	1.154249e+03
3.700000e-06	7.052057e-09	3.877432e-09	3.845977e+01	1.154457e+03
3.710000e-06	7.051676e-09	3.877735e-09	3.845765e+01	1.154547e+03
3.720000e-06	7.050838e-09	3.877554e-09	3.845308e+01	1.154499e+03
3.730000e-06	7.049517e-09	3.876984e-09	3.844591e+01	1.154310e+03
3.740000e-06	7.047744e-09	3.876719e-09	3.843629e+01	1.154225e+03
3.750000e-06	7.045541e-09	3.876987e-09	3.842432e+01	1.154330e+03
3.760000e-06	7.042888e-09	3.877516e-09	3.840994e+01	1.154474e+03
3.770000e-06	7.039754e-09	3.877944e-09	3.839296e+01	1.154545e+03
3.780000e-06	7.036175e-09	3.876690e-09	3.837348e+01	1.154356e+03
3.790000e-06	7.032079e-09	3.873583e-09	3.835114e+01	1.153689e+03
3.800000e-06	7.027195e-09	3.871096e-09	3.832462e+01	1.152192e+03
3.810000e-06	7.021477e-09	3.870639e-09	3.829365e+01	1.151517e+03
3.820000e-06	7.015290e-09	3.873069e-09	3.826013e+01	1.153715e+03
3.830000e-06	7.008890e-09	3.868853e-09	3.822539e+01	1.152931e+03
3.840000e-06	7.002090e-09	3.858755e-09	3.818844e+01	1.148232e+03
3.850000e-06	6.994688e-09	3.860479e-09	3.814821e+01	1.148279e+03
3.860000e-06	6.986818e-09	3.870763e-09	3.810531e+01	1.153228e+03
3.870000e-06	6.978652e-09	3.870494e-09	3.806069e+01	1.153742e+03
3.880000e-06	6.970067e-09	3.857869e-09	3.801378e+01	1.147880e+03
3.890000e-06	6.960867e-09	3.854452e-09	3.796360e+01	1.146396e+03
3.900000e-06	6.951137e-09	3.865244e-09	3.791057e+01	1.151837e+03
3.910000e-06	6.941058e-09	3.867882e-09	3.785560e+01	1.153042e+03
3.920000e-06	6.930553e-09	3.856352e-09	3.779830e+01	1.147268e+03
3.930000e-06	6.919453e-09	3.851234e-09	3.773780e+01	1.145515e+03
3.940000e-06	6.907787e-09	3.855014e-09	3.767424e+01	1.148809e+03
3.950000e-06	6.895605e-09	3.851256e-09	3.760782e+01	1.147448e+03
3.960000e-06	6.882723e-09	3.847251e-09	3.753763e+01	1.144264e+03
3.970000e-06	6.869019e-09	3.855481e-09	3.746309e+01	1.147478e+03
3.980000e-06	6.854614e-09	3.856778e-09	3.738479e+01	1.149440e+03
3.990000e-06	6.839624e-09	3.839016e-09	3.730325e+01	1.142625e+03
4.000000e-06	6.824121e-09	3.830727e-09	3.721882e+01	1.139095e+03
4.010000e-06	6.808230e-09	3.847141e-09	3.713216e+01	1.146248e+03
4.020000e-06	6.792007e-09	3.859331e-09	3.704365e+01	1.150444e+03
4.030000e-06	6.775330e-09	3.852182e-09	3.695269e+01	1.145968e+03
4.040000e-06	6.758122e-09	3.846994e-09	3.685887e+01	1.144603e+03
4.050000e-06	6.740457e-09	3.845511e-09	3.676257e+01	1.146050e+03
4.060000e-06	6.722370e-09	3.832130e-09	3.666393e+01	1.140916e+03
4.070000e-06	6.703816e-09	3.823977e-09	3.656276e+01	1.137232e+03
4.080000e-06	6.684781e-09	3.839562e-09	3.645901e+01	1.143935e+03
4.090000e-06	6.665340e-09	3.853418e-09	3.635305e+01	1.148641e+03
4.100000e-06	6.645566e-09	3.846087e-09	3.624525e+01	1.144215e+03
4.110000e-06	6.625474e-09	3.839201e-09	3.613566e+01	1.142530e+03
4.120000e-06	6.604974e-09	3.838421e-09	3.602389e+01	1.144024e+03
4.130000e-06	6.583895e-09	3.823415e-09	3.590906e+01	1.138042e+03
4.140000e-06	6.562093e-09	3.808097e-09	3.579037e+01	1.132511e+03
4.150000e-06	6.539539e-09	3.814432e-09	3.566762e+01	1.136306e+03
4.160000e-06	6.516352e-09	3.818345e-09	3.554136e+01	1.137261e+03
4.170000e-06	6.492726e-09	3.807069e-09	3.541261e+01	1.132296e+03
4.180000e-06	6.468793e-09	3.807471e-09	3.528210e+01	1.133596e+03
4.190000e-06	6.444530e-09	3.812920e-09	3.514976e+01	1.136001e+03
4.200000e-06	6.419849e-09	3.798230e-09	3.501516e+01	1.130317e+03
4.210000e-06	6.394714e-09	3.785495e-09	3.487814e+01	1.126801e+03
4.220000e-06	6.369123e-09	3.788395e-09	3.473868e+01	1.128521e+03
4.230000e-06	6.343070e-09	3.780516e-09	3.459669e+01	1.125343e+03
4.240000e-06	6.316532e-09	3.765929e-09	3.445205e+01	1.120884e+03
4.250000e-06	6.289498e-09	3.765092e-09	3.430472e+01	1.121361e+03
4.260000e-06	6.262039e-09	3.761512e-09	3.415507e+01	1.119882e+03
4.270000e-06	6.234283e-09	3.746801e-09	3.400369e+01	1.115356e+03
4.280000e-06	6.206284e-09	3.739753e-09	3.385093e+01	1.113721e+03
4.290000e-06	6.177964e-09	3.738147e-09	3.369644e+01	1.112892e+03
4.300000e-06	6.149176e-09	3.728303e-09	3.353948e+01	1.109888e+03
4.310000e-06	6.119745e-09	3.717276e-09	3.337913e+01	1.107070e+03
4.320000e-06	6.089586e-09	3.711100e-09	3.321484e+01	1.104868e+03
4.330000e-06	6.058762e-09	3.703723e-09	3.304693e+01	1.102533e+03
4.340000e-06	6.027424e-09	3.694210e-09	3.287621e+01	1.100221e+03
4.350000e-06	5.995719e-09	3.685949e-09	3.270342e+01	1.097524e+03
4.360000e-06	5.963694e-09	3.678321e-09	3.252878e+01	1.094979e+03
4.370000e-06	5.931321e-09	3.669307e-09	3.235223e+01	1.092729e+03
4.380000e-06	5.898535e-09	3.659708e-09	3.217345e+01	1.089745e+03
4.390000e-06	5.865297e-09	3.652259e-09	3.199225e+01	1.087194e+03
4.400000e-06	5.831666e-09	3.644884e-09	3.180894e+01	1.085356e+03
4.410000e-06	5.797679e-09	3.633901e-09	3.162369e+01	1.082155e+03
4.420000e-06	5.763328e-09	3.623060e-09	3.143639e+01	1.078616e+03
4.430000e-06	5.728583e-09	3.615278e-09	3.124697e+01	1.076453e+03
4.440000e-06	5.693423e-09	3.606610e-09	3.105537e+01	1.073993e+03
4.450000e-06	5.657919e-09	3.596698e-09	3.086185e+01	1.070844e+03
4.460000e-06	5.622161e-09	3.588028e-09	3.066684e+01	1.068287e+03
4.470000e-06	5.586167e-09	3.578384e-09	3.047047e+01	1.065529e+03
4.480000e-06	5.549853e-09	3.567357e-09	3.027241e+01	1.062196e+03
4.490000e-06	5.513084e-09	3.557510e-09	3.007195e+01	1.059251e+03
4.500000e-06	5.475731e-09	3.547840e-09	2.986834e+01	1.056417e+03
4.510000e-06	5.437721e-09	3.536990e-09	2.966121e+01	1.053209e+03
4.520000e-06	5.399076e-09	3.526108e-09	2.945062e+01	1.049966e+03
4.530000e-06	5.359902e-09	3.515685e-09	2.923713e+01	1.046817e+03
4.540000e-06	5.320335e-09	3.505489e-09	2.902142e+01	1.043799e+03
4.550000e-06	5.280487e-09	3.494980e-09	2.880407e+01	1.040729e+03
4.560000e-06	5.240404e-09	3.483566e-09	2.858538e+01	1.037307e+03
4.570000e-06	5.200056e-09	3.472030e-09	2.836521e+01	1.033859e+03
4.580000e-06	5.159380e-09	3.460906e-09	2.814331e+01	1.030606e+03
4.590000e-06	5.118351e-09	3.449518e-09	2.791954e+01	1.027214e+03
4.600000e-06	5.076957e-09	3.438199e-09	2.769380e+01	1.023807e+03
4.610000e-06	5.035218e-09	3.427065e-09	2.746617e+01	1.020514e+03
4.620000e-06	4.993135e-09	3.415395e-09	2.723663e+01	1.017063e+03
4.630000e-06	4.950675e-09	3.403389e-09	2.700503e+01	1.013465e+03
4.640000e-06	4.907838e-09	3.391518e-09	2.677142e+01	1.009947e+03
4.650000e-06	4.864649e-09	3.379604e-09	2.653591e+01	1.006455e+03
4.660000e-06	4.821153e-09	3.367271e-09	2.629872e+01	1.002800e+03
4.670000e-06	4.777414e-09	3.354662e-09	2.606014e+01	9.990367e+02
4.680000e-06	4.733489e-09	3.342381e-09	2.582051e+01	9.953862e+02
4.690000e-06	4.689367e-09	3.330387e-09	2.557980e+01	9.918065e+02
4.700000e-06	4.644987e-09	3.318086e-09	2.533770e+01	9.881347e+02
4.710000e-06	4.600292e-09	3.305353e-09	2.509393e+01	9.843732e+02
4.720000e-06	4.555250e-09	3.292245e-09	2.484831e+01	9.804953e+02
4.730000e-06	4.509850e-09	3.279019e-09	2.460079e+01	9.765523e+02
4.740000e-06	4.464107e-09	3.266092e-09	2.435140e+01	9.727034e+02
4.750000e-06	4.418043e-09	3.253138e-09	2.410022e+01	9.688508e+02
4.760000e-06	4.371698e-09	3.239861e-09	2.384747e+01	9.648982e+02
4.770000e-06	4.325119e-09	3.226226e-09	2.359338e+01	9.608760e+02
4.780000e-06	4.278314e-09	3.212248e-09	2.333799e+01	9.567513e+02
4.790000e-06	4.231232e-09	3.198212e-09	2.308113e+01	9.525733e+02
4.800000e-06	4.183840e-09	3.184243e-09	2.282260e+01	9.484227e+02
4.810000e-06	4.136098e-09	3.170068e-09	2.256224e+01	9.442237e+02
4.820000e-06	4.087970e-09	3.155352e-09	2.229992e+01	9.398379e+02
4.830000e-06	4.039466e-09	3.140501e-09	2.203550e+01	9.353937e+02
4.840000e-06	3.990576e-09	3.126039e-09	2.176893e+01	9.310860e+02
4.850000e-06	3.941348e-09	3.111471e-09	2.150054e+01	9.267849e+02
4.860000e-06	3.891811e-09	3.096215e-09	2.123042e+01	9.222793e+02
4.870000e-06	3.841946e-09	3.080690e-09	2.095851e+01	9.176744e+02
4.880000e-06	3.791796e-09	3.065293e-09	2.068507e+01	9.130949e+02
4.890000e-06	3.741363e-09	3.049913e-09	2.041006e+01	9.085148e+02
4.900000e-06	3.690613e-09	3.034421e-09	2.013331e+01	9.038960e+02
4.910000e-06	3.639551e-09	3.018717e-09	1.985482e+01	8.992221e+02
4.920000e-06	3.588211e-09	3.002567e-09	1.957484e+01	8.944300e+02
4.930000e-06	3.536636e-09	2.985951e-09	1.929354e+01	8.894980e+02
4.940000e-06	3.484838e-09	2.969450e-09	1.901103e+01	8.845983e+02
4.950000e-06	3.432812e-09	2.953267e-09	1.872731e+01	8.798165e+02
4.960000e-06	3.380536e-09	2.936635e-09	1.844220e+01	8.749057e+02
4.970000e-06	3.327995e-09	2.919342e-09	1.815567e+01	8.697640e+02
4.980000e-06	3.275150e-09	2.902019e-09	1.786757e+01	8.645842e+02
4.990000e-06	3.221977e-09	2.884843e-09	1.757772e+01	8.594536e+02
5.000000e-06	3.168457e-09	2.867500e-09	1.728597e+01	8.543044e+02
5.010000e-06	3.114546e-09	2.849984e-09	1.699218e+01	8.491184e+02
5.020000e-06	3.060268e-09	2.832416e-09	1.669640e+01	8.439171e+02
5.030000e-06	3.005650e-09	2.814834e-09	1.639874e+01	8.387038e+02
5.040000e-06	2.950707e-09	2.797147e-09	1.609930e+01	8.334461e+02
5.050000e-06	2.895487e-09	2.779092e-09	1.579830e+01	8.280722e+02
5.060000e-06	2.840056e-09	2.760560e-09	1.549608e+01	8.225647e+02
5.070000e-06	2.784453e-09	2.741794e-09	1.519287e+01	8.169911e+02
5.080000e-06	2.728706e-09	2.723285e-09	1.488880e+01	8.114891e+02
5.090000e-06	2.672844e-09	2.704922e-09	1.458406e+01	8.060270e+02
5.100000e-06	2.616876e-09	2.686216e-09	1.427871e+01	8.004749e+02
5.110000e-06	2.560796e-09	2.667337e-09	1.397273e+01	7.948790e+02
5.120000e-06	2.504591e-09	2.648379e-09	1.366607e+01	7.892495e+02
5.130000e-06	2.448244e-09	2.629094e-09	1.335870e+01	7.835110e+02
5.140000e-06	2.391743e-09	2.609559e-09	1.305049e+01	7.776976e+02
5.150000e-06	2.335082e-09	2.589797e-09	1.274143e+01	7.718345e+02
5.160000e-06	2.278261e-09	2.569699e-09	1.243151e+01	7.658882e+02
5.170000e-06	2.221283e-09	2.549260e-09	1.212076e+01	7.598416e+02
5.180000e-06	2.164142e-09	2.528932e-09	1.180914e+01	7.538048e+02
5.190000e-06	2.106826e-09	2.509015e-09	1.149655e+01	7.478543e+02
5.200000e-06	2.049354e-09	2.489248e-09	1.118308e+01	7.419579e+02
5.210000e-06	1.991751e-09	2.469316e-09	1.086886e+01	7.360524e+02
5.220000e-06	1.934000e-09	2.448783e-09	1.055389e+01	7.299729e+02
5.230000e-06	1.876111e-09	2.427522e-09	1.023819e+01	7.236695e+02
5.240000e-06	1.818097e-09	2.405780e-09	9.921788e+00	7.172182e+02
5.250000e-06	1.759966e-09	2.383803e-09	9.604742e+00	7.106786e+02
5.260000e-06	1.701720e-09	2.362015e-09	9.287088e+00	7.041918e+02
5.270000e-06	1.643348e-09	2.340644e-09	8.968768e+00	6.978382e+02
5.280000e-06	1.584865e-09	2.319223e-09	8.649817e+00	6.914448e+02
5.290000e-06	1.526278e-09	2.297349e-09	8.330259e+00	6.849137e+02
5.300000e-06	1.467573e-09	2.275039e-09	8.010065e+00	6.782992e+02
5.310000e-06	1.408732e-09	2.252404e-09	7.689186e+00	6.716009e+02
5.320000e-06	1.349786e-09	2.229489e-09	7.367766e+00	6.648083e+02
5.330000e-06	1.290757e-09	2.206226e-09	7.045857e+00	6.578868e+02
5.340000e-06	1.231625e-09	2.182648e-09	6.723391e+00	6.508399e+02
5.350000e-06	1.172396e-09	2.159123e-09	6.400442e+00	6.438005e+02
5.360000e-06	1.113081e-09	2.135884e-09	6.077005e+00	6.368706e+02
5.370000e-06	1.053710e-09	2.112834e-09	5.753231e+00	6.300389e+02
5.380000e-06	9.943048e-10	2.089611e-09	5.429254e+00	6.231532e+02
5.390000e-06	9.348583e-10	2.065578e-09	5.105080e+00	6.160031e+02
5.400000e-06	8.753599e-10	2.040881e-09	4.780623e+00	6.086484e+02
5.410000e-06	8.158075e-10	2.016291e-09	4.455815e+00	6.013199e+02
5.420000e-06	7.562180e-10	1.991811e-09	4.130772e+00	5.940274e+02
5.430000e-06	6.965887e-10	1.966644e-09	3.805511e+00	5.865353e+02
5.440000e-06	6.369255e-10	1.940359e-09	3.480079e+00	5.787029e+02
5.450000e-06	5.772459e-10	1.913572e-09	3.154549e+00	5.707199e+02
5.460000e-06	5.175475e-10	1.886901e-09	2.828903e+00	5.627902e+02
5.470000e-06	4.578180e-10	1.860329e-09	2.503065e+00	5.548969e+02
5.480000e-06	3.980626e-10	1.833943e-09	2.177064e+00	5.470425e+02
5.490000e-06	3.382959e-10	1.807706e-09	1.851017e+00	5.392213e+02
5.500000e-06	2.785175e-10	1.781004e-09	1.524915e+00	5.312594e+02
5.510000e-06	2.187363e-10	1.753385e-09	1.198749e+00	5.230282e+02
5.520000e-06	1.589564e-10	1.724803e-09	8.725608e-01	5.145224e+02
5.530000e-06	9.916986e-11	1.695317e-09	5.463765e-01	5.057495e+02
5.540000e-06	3.938914e-11	1.665343e-09	2.202534e-01	4.968150e+02
5.550000e-06	-2.039154e-11	1.635595e-09	-1.058508e-01	4.879355e+02
5.560000e-06	-8.017749e-11	1.606423e-09	-4.319857e-01	4.792338e+02
5.570000e-06	-1.399619e-10	1.577387e-09	-7.581342e-01	4.705915e+02
5.580000e-06	-1.997434e-10	1.547876e-09	-1.084276e+00	4.618112e+02
5.590000e-06	-2.595145e-10	1.517369e-09	-1.410333e+00	4.527221e+02
5.600000e-06	-3.192755e-10	1.485595e-09	-1.736326e+00	4.432507e+02
5.610000e-06	-3.790319e-10	1.452971e-09	-2.062315e+00	4.335322e+02
5.620000e-06	-4.387811e-10	1.420256e-09	-2.388271e+00	4.237966e+02
5.630000e-06	-4.985057e-10	1.388015e-09	-2.714101e+00	4.142036e+02
5.640000e-06	-5.581935e-10	1.356063e-09	-3.039725e+00	4.046920e+02
5.650000e-06	-6.178459e-10	1.323962e-09	-3.365155e+00	3.951253e+02
5.660000e-06	-6.774600e-10	1.291518e-09	-3.690361e+00	3.854548e+02
5.670000e-06	-7.370364e-10	1.258374e-09	-4.015338e+00	3.755875e+02
5.680000e-06	-7.965859e-10	1.224008e-09	-4.340147e+00	3.653687e+02
5.690000e-06	-8.561003e-10	1.188627e-09	-4.664767e+00	3.548405e+02
5.700000e-06	-9.155706e-10	1.153112e-09	-4.989150e+00	3.442586e+02
5.710000e-06	-9.749894e-10	1.118189e-09	-5.313231e+00	3.338585e+02
5.720000e-06	-1.034347e-09	1.083784e-09	-5.636972e+00	3.236197e+02
5.730000e-06	-1.093637e-09	1.048965e-09	-5.960358e+00	3.132491e+02
5.740000e-06	-1.152842e-09	1.013198e-09	-6.283273e+00	3.025931e+02
5.750000e-06	-1.211957e-09	9.766123e-10	-6.605671e+00	2.916940e+02
5.760000e-06	-1.270999e-09	9.393783e-10	-6.927624e+00	2.806021e+02
5.770000e-06	-1.329956e-09	9.018433e-10	-7.249094e+00	2.694292e+02
5.780000e-06	-1.388792e-09	8.642046e-10	-7.569921e+00	2.582265e+02
5.790000e-06	-1.447514e-09	8.260957e-10	-7.890136e+00	2.468772e+02
5.800000e-06	-1.506118e-09	7.874650e-10	-8.209763e+00	2.353528e+02
5.810000e-06	-1.564591e-09	7.485302e-10	-8.528691e+00	2.237223e+02
5.820000e-06	-1.622942e-09	7.091722e-10	-8.846909e+00	2.119634e+02
5.830000e-06	-1.681171e-09	6.690227e-10	-9.164469e+00	1.999801e+02
5.840000e-06	-1.739275e-09	6.279420e-10	-9.481408e+00	1.877347e+02
5.850000e-06	-1.797259e-09	5.860461e-10	-9.797721e+00	1.752426e+02
5.860000e-06	-1.855129e-09	5.435610e-10	-1.011336e+01	1.625630e+02
5.870000e-06	-1.912867e-09	5.008503e-10	-1.042830e+01	1.498115e+02
5.880000e-06	-1.970473e-09	4.577336e-10	-1.074249e+01	1.369357e+02
5.890000e-06	-2.027945e-09	4.134255e-10	-1.105588e+01	1.237059e+02
5.900000e-06	-2.085254e-09	3.677943e-10	-1.136843e+01	1.100858e+02
5.910000e-06	-2.142389e-09	3.218181e-10	-1.168003e+01	9.635844e+01
5.920000e-06	-2.199350e-09	2.759515e-10	-1.199068e+01	8.266273e+01
5.930000e-06	-2.256125e-09	2.294974e-10	-1.230034e+01	6.880070e+01
5.940000e-06	-2.312717e-09	1.820202e-10	-1.260899e+01	5.464509e+01
5.950000e-06	-2.369143e-09	1.339094e-10	-1.291674e+01	4.030190e+01
5.960000e-06	-2.425419e-09	8.570649e-11	-1.322371e+01	2.592530e+01
5.970000e-06	-2.481565e-09	3.727737e-11	-1.353001e+01	1.148699e+01
5.980000e-06	-2.537598e-09	-1.189260e-11	-1.383570e+01	-3.171723e+00
5.990000e-06	-2.593529e-09	-6.175034e-11	-1.414086e+01	-1.805256e+01
6.000000e-06	-2.649362e-09	-1.120982e-10	-1.444549e+01	-3.309151e+01
6.010000e-06	-2.705080e-09	-1.628088e-10	-1.474946e+01	-4.825077e+01
6.020000e-06	-2.760659e-09	-2.136066e-10	-1.505269e+01	-6.344093e+01
6.030000e-06	-2.816078e-09	-2.648370e-10	-1.535499e+01	-7.873932e+01
6.040000e-06	-2.871303e-09	-3.171195e-10	-1.565612e+01	-9.434129e+01
6.050000e-06	-2.926290e-09	-3.702518e-10	-1.595585e+01	-1.102097e+02
6.060000e-06	-2.980950e-09	-4.235792e-10	-1.625375e+01	-1.261373e+02
6.070000e-06	-3.035223e-09	-4.764736e-10	-1.654952e+01	-1.419385e+02
6.080000e-06	-3.089121e-09	-5.291442e-10	-1.684325e+01	-1.576826e+02
6.090000e-06	-3.142644e-09	-5.826708e-10	-1.713497e+01	-1.736923e+02
6.100000e-06	-3.195813e-09	-6.374880e-10	-1.742482e+01	-1.900980e+02
6.110000e-06	-3.248647e-09	-6.929766e-10	-1.771295e+01	-2.066969e+02
6.120000e-06	-3.301163e-09	-7.482493e-10	-1.799938e+01	-2.232136e+02
6.130000e-06	-3.353432e-09	-8.030623e-10	-1.828447e+01	-2.395839e+02
6.140000e-06	-3.405475e-09	-8.577250e-10	-1.856832e+01	-2.559135e+02
6.150000e-06	-3.457289e-09	-9.127406e-10	-1.885095e+01	-2.723491e+02
6.160000e-06	-3.508888e-09	-9.679033e-10	-1.913241e+01	-2.888300e+02
6.170000e-06	-3.560245e-09	-1.022431e-09	-1.941252e+01	-3.051286e+02
6.180000e-06	-3.611324e-09	-1.076591e-09	-1.969109e+01	-3.213197e+02
6.190000e-06	-3.662114e-09	-1.131248e-09	-1.996810e+01	-3.376494e+02
6.200000e-06	-3.712616e-09	-1.186512e-09	-2.024352e+01	-3.541465e+02
6.210000e-06	-3.762807e-09	-1.241436e-09	-2.051724e+01	-3.705381e+02
6.220000e-06	-3.812668e-09	-1.295093e-09	-2.078915e+01	-3.865438e+02
6.230000e-06	-3.862212e-09	-1.347527e-09	-2.105924e+01	-4.021825e+02
6.240000e-06	-3.911404e-09	-1.399505e-09	-2.132739e+01	-4.176909e+02
6.250000e-06	-3.960192e-09	-1.451594e-09	-2.159339e+01	-4.332365e+02
6.260000e-06	-4.008568e-09	-1.503496e-09	-2.185712e+01	-4.487256e+02
6.270000e-06	-4.056521e-09	-1.554758e-09	-2.211846e+01	-4.640003e+02
6.280000e-06	-4.104055e-09	-1.605426e-09	-2.237753e+01	-4.790733e+02
6.290000e-06	-4.151217e-09	-1.655900e-09	-2.263467e+01	-4.940868e+02
6.300000e-06	-4.198076e-09	-1.706181e-09	-2.289026e+01	-5.090572e+02
6.310000e-06	-4.244665e-09	-1.755561e-09	-2.314445e+01	-5.237667e+02
6.320000e-06	-4.291033e-09	-1.803590e-09	-2.339746e+01	-5.380718e+02
6.330000e-06	-4.337213e-09	-1.850653e-09	-2.364945e+01	-5.520928e+02
6.340000e-06	-4.383189e-09	-1.897569e-09	-2.390033e+01	-5.660643e+02
6.350000e-06	-4.428930e-09	-1.944776e-09	-2.414987e+01	-5.801153e+02
6.360000e-06	-4.474392e-09	-1.991764e-09	-2.439786e+01	-5.941029e+02
6.370000e-06	-4.519541e-09	-2.037808e-09	-2.464413e+01	-6.077923e+02
6.380000e-06	-4.564348e-09	-2.082760e-09	-2.488856e+01	-6.211503e+02
6.390000e-06	-4.608826e-09	-2.127172e-09	-2.513122e+01	-6.343656e+02
6.400000e-06	-4.653031e-09	-2.171367e-09	-2.537243e+01	-6.475394e+02
6.410000e-06	-4.697031e-09	-2.214611e-09	-2.561253e+01	-6.604374e+02
6.420000e-06	-4.740848e-09	-2.256449e-09	-2.585164e+01	-6.729059e+02
6.430000e-06	-4.784460e-09	-2.297349e-09	-2.608962e+01	-6.850933e+02
6.440000e-06	-4.827813e-09	-2.337778e-09	-2.632612e+01	-6.971331e+02
6.450000e-06	-4.870835e-09	-2.377816e-09	-2.656081e+01	-7.090560e+02
6.460000e-06	-4.913494e-09	-2.417121e-09	-2.679352e+01	-7.207727e+02
6.470000e-06	-4.955792e-09	-2.455509e-09	-2.702424e+01	-7.321924e+02
6.480000e-06	-4.997765e-09	-2.493341e-09	-2.725318e+01	-7.434231e+02
6.490000e-06	-5.039420e-09	-2.530673e-09	-2.748040e+01	-7.545126e+02
6.500000e-06	-5.080713e-09	-2.567267e-09	-2.770566e+01	-7.653890e+02
6.510000e-06	-5.121624e-09	-2.602912e-09	-2.792886e+01	-7.759965e+02
6.520000e-06	-5.162175e-09	-2.637518e-09	-2.815010e+01	-7.863017e+02
6.530000e-06	-5.202412e-09	-2.671504e-09	-2.836960e+01	-7.964028e+02
6.540000e-06	-5.242386e-09	-2.705440e-09	-2.858772e+01	-8.064681e+02
6.550000e-06	-5.282145e-09	-2.739388e-09	-2.880466e+01	-8.165422e+02
6.560000e-06	-5.321656e-09	-2.772890e-09	-2.902024e+01	-8.264933e+02
6.570000e-06	-5.360820e-09	-2.805502e-09	-2.923391e+01	-8.361697e+02
6.580000e-06	-5.399513e-09	-2.837115e-09	-2.944499e+01	-8.455522e+02
6.590000e-06	-5.437621e-09	-2.867702e-09	-2.965286e+01	-8.546491e+02
6.600000e-06	-5.475098e-09	-2.897587e-09	-2.985728e+01	-8.635375e+02
6.610000e-06	-5.511971e-09	-2.927216e-09	-3.005842e+01	-8.723506e+02
6.620000e-06	-5.548362e-09	-2.956432e-09	-3.025696e+01	-8.810436e+02
6.630000e-06	-5.584420e-09	-2.984850e-09	-3.045372e+01	-8.894934e+02
6.640000e-06	-5.620221e-09	-3.012506e-09	-3.064913e+01	-8.977053e+02
6.650000e-06	-5.655752e-09	-3.039525e-09	-3.084305e+01	-9.057226e+02
6.660000e-06	-5.690945e-09	-3.065764e-09	-3.103505e+01	-9.135231e+02
6.670000e-06	-5.725729e-09	-3.091092e-09	-3.122479e+01	-9.210576e+02
6.680000e-06	-5.760093e-09	-3.115640e-09	-3.141226e+01	-9.283538e+02
6.690000e-06	-5.794087e-09	-3.139754e-09	-3.159769e+01	-9.355151e+02
6.700000e-06	-5.827680e-09	-3.163331e-09	-3.178088e+01	-9.425174e+02
6.710000e-06	-5.860829e-09	-3.185969e-09	-3.196167e+01	-9.492580e+02
6.720000e-06	-5.893553e-09	-3.207755e-09	-3.214020e+01	-9.557529e+02
6.730000e-06	-5.925895e-09	-3.229079e-09	-3.231668e+01	-9.620908e+02
6.740000e-06	-5.957911e-09	-3.250062e-09	-3.249139e+01	-9.683019e+02
6.750000e-06	-5.989633e-09	-3.270777e-09	-3.266447e+01	-9.744228e+02
6.760000e-06	-6.020988e-09	-3.291294e-09	-3.283548e+01	-9.804942e+02
6.770000e-06	-6.051830e-09	-3.311225e-09	-3.300362e+01	-9.864040e+02
6.780000e-06	-6.082028e-09	-3.330364e-09	-3.316821e+01	-9.920815e+02
6.790000e-06	-6.111533e-09	-3.349085e-09	-3.332901e+01	-9.976385e+02
6.800000e-06	-6.140401e-09	-3.367653e-09	-3.348640e+01	-1.003154e+03
6.810000e-06	-6.168775e-09	-3.386110e-09	-3.364120e+01	-1.008632e+03
6.820000e-06	-6.196813e-09	-3.404260e-09	-3.379421e+01	-1.014019e+03
6.830000e-06	-6.224589e-09	-3.421998e-09	-3.394577e+01	-1.019280e+03
6.840000e-06	-6.252071e-09	-3.439435e-09	-3.409568e+01	-1.024437e+03
6.850000e-06	-6.279131e-09	-3.456406e-09	-3.424328e+01	-1.029449e+03
6.860000e-06	-6.305704e-09	-3.472920e-09	-3.438823e+01	-1.034334e+03
6.870000e-06	-6.331815e-09	-3.489109e-09	-3.453064e+01	-1.039151e+03
6.880000e-06	-6.357477e-09	-3.504923e-09	-3.467058e+01	-1.043865e+03
6.890000e-06	-6.382671e-09	-3.520310e-09	-3.480796e+01	-1.048431e+03
6.900000e-06	-6.407387e-09	-3.535170e-09	-3.494271e+01	-1.052828e+03
6.910000e-06	-6.431694e-09	-3.549514e-09	-3.507527e+01	-1.057073e+03
6.920000e-06	-6.455694e-09	-3.563473e-09	-3.520626e+01	-1.061207e+03
6.930000e-06	-6.479425e-09	-3.577097e-09	-3.533577e+01	-1.065247e+03
6.940000e-06	-6.502793e-09	-3.590291e-09	-3.546322e+01	-1.069163e+03
6.950000e-06	-6.525644e-09	-3.602925e-09	-3.558772e+01	-1.072905e+03
6.960000e-06	-6.547830e-09	-3.614970e-09	-3.570853e+01	-1.076469e+03
6.970000e-06	-6.569276e-09	-3.626687e-09	-3.582537e+01	-1.079945e+03
6.980000e-06	-6.590067e-09	-3.638328e-09	-3.593874e+01	-1.083405e+03
6.990000e-06	-6.610362e-09	-3.649706e-09	-3.604947e+01	-1.086792e+03
7.000000e-06	-6.630309e-09	-3.660593e-09	-3.615836e+01	-1.090032e+03
7.010000e-06	-6.649947e-09	-3.670952e-09	-3.626553e+01	-1.093104e+03
7.020000e-06	-6.669195e-09	-3.680799e-09	-3.637056e+01	-1.096023e+03
7.030000e-06	-6.687959e-09	-3.690306e-09	-3.647295e+01	-1.098847e+03
7.040000e-06	-6.706252e-09	-3.699636e-09	-3.657279e+01	-1.101608e+03
7.050000e-06	-6.724140e-09	-3.708751e-09	-3.667041e+01	-1.104303e+03
7.060000e-06	-6.741586e-09	-3.717769e-09	-3.676560e+01	-1.106977e+03
7.070000e-06	-6.758546e-09	-3.726592e-09	-3.685810e+01	-1.109608e+03
7.080000e-06	-6.775035e-09	-3.734809e-09	-3.694808e+01	-1.112065e+03
7.090000e-06	-6.791162e-09	-3.742615e-09	-3.703614e+01	-1.114389e+03
7.100000e-06	-6.806997e-09	-3.750355e-09	-3.712260e+01	-1.116684e+03
7.110000e-06	-6.822428e-09	-3.758022e-09	-3.720682e+01	-1.118941e+03
7.120000e-06	-6.837242e-09	-3.765499e-09	-3.728751e+01	-1.121150e+03
7.130000e-06	-6.851256e-09	-3.772808e-09	-3.736376e+01	-1.123335e+03
7.140000e-06	-6.864467e-09	-3.780026e-09	-3.743572e+01	-1.125489e+03
7.150000e-06	-6.877042e-09	-3.786932e-09	-3.750432e+01	-1.127540e+03
7.160000e-06	-6.889122e-09	-3.793374e-09	-3.757028e+01	-1.129451e+03
7.170000e-06	-6.900749e-09	-3.799410e-09	-3.763371e+01	-1.131236e+03
7.180000e-06	-6.911880e-09	-3.804923e-09	-3.769440e+01	-1.132873e+03
7.190000e-06	-6.922484e-09	-3.810324e-09	-3.775223e+01	-1.134482e+03
7.200000e-06	-6.932615e-09	-3.816456e-09	-3.780752e+01	-1.136294e+03
7.210000e-06	-6.942319e-09	-3.822827e-09	-3.786045e+01	-1.138177e+03
7.220000e-06	-6.951565e-09	-3.828330e-09	-3.791088e+01	-1.139809e+03
7.230000e-06	-6.960309e-09	-3.832888e-09	-3.795858e+01	-1.141159e+03
7.240000e-06	-6.968600e-09	-3.837071e-09	-3.800386e+01	-1.142400e+03
7.250000e-06	-6.976562e-09	-3.841155e-09	-3.804736e+01	-1.143620e+03
7.260000e-06	-6.984213e-09	-3.844910e-09	-3.808914e+01	-1.144747e+03
7.270000e-06	-6.991405e-09	-3.848394e-09	-3.812838e+01	-1.145788e+03
7.280000e-06	-6.997959e-09	-3.851902e-09	-3.816411e+01	-1.146832e+03
7.290000e-06	-7.003754e-09	-3.855719e-09	-3.819571e+01	-1.147956e+03
7.300000e-06	-7.008797e-09	-3.859873e-09	-3.822324e+01	-1.149162e+03
7.310000e-06	-7.013252e-09	-3.863634e-09	-3.824762e+01	-1.150264e+03
7.320000e-06	-7.017310e-09	-3.866438e-09	-3.826987e+01	-1.151105e+03
7.330000e-06	-7.021047e-09	-3.868463e-09	-3.829033e+01	-1.151728e+03
7.340000e-06	-7.024401e-09	-3.870146e-09	-3.830863e+01	-1.152252e+03
7.350000e-06	-7.027279e-09	-3.871904e-09	-3.832431e+01	-1.152785e+03
7.360000e-06	-7.029677e-09	-3.873800e-09	-3.833740e+01	-1.153345e+03
7.370000e-06	-7.031652e-09	-3.875654e-09	-3.834819e+01	-1.153896e+03
7.380000e-06	-7.033194e-09	-3.877641e-09	-3.835659e+01	-1.154476e+03
7.390000e-06	-7.034149e-09	-3.879784e-09	-3.836181e+01	-1.155098e+03
7.400000e-06	-7.034595e-09	-3.881562e-09	-3.836433e+01	-1.155638e+03
